src/mapping2d_qt/surfaces/0.grd
DSAA
50 50
-951.924 1003.66
-1009.67 1016.09
0.0488829 0.947821
[rows 0 to 35 of 50, columns 0 to 49 of 50]
0.384805 0.436179 0.526362 0.555283 0.532723 0.541294 0.583514 0.631391 0.676338 0.713807 0.736454 0.735543 0.705048 0.666922 0.638945 0.622525 0.588147 0.549545 0.532227 0.512842 0.496189 0.482627 0.471868 0.468165 0.470606 0.477472 0.496416 0.535826 0.611147 0.718765 0.830414 0.87964 0.864755 0.81922 0.743651 0.665923 0.614875 0.582335 0.5585 0.528658 0.499834 0.492952 0.516169 0.570041 0.626701 0.661015 0.659841 0.620967 0.56332 0.50473
0.35026 0.434377 0.618772 0.618389 0.486683 0.496379 0.557657 0.618785 0.67691 0.72822 0.765263 0.774584 0.739745 0.689212 0.636845 0.603376 0.560429 0.51622 0.499817 0.486763 0.479522 0.476297 0.474028 0.473449 0.469841 0.458219 0.446483 0.454656 0.527171 0.66386 0.831559 0.877613 0.842531 0.802143 0.719095 0.630796 0.568217 0.528466 0.493332 0.457525 0.422329 0.409191 0.43864 0.527899 0.622859 0.678369 0.675813 0.61829 0.539283 0.466717
0.363892 0.487117 0.716494 0.69585 0.40826 0.462719 0.535019 0.602428 0.668634 0.730651 0.785258 0.811138 0.783212 0.702267 0.61901 0.567249 0.518724 0.477483 0.465806 0.46223 0.465657 0.475035 0.484721 0.484473 0.468969 0.432371 0.379822 0.332373 0.396516 0.561051 0.716728 0.782022 0.763396 0.712287 0.635863 0.56259 0.502758 0.461552 0.420732 0.38408 0.354309 0.344173 0.354259 0.503319 0.642386 0.722251 0.706936 0.607265 0.492431 0.406171
0.342626 0.447896 0.580621 0.57976 0.476965 0.470886 0.521686 0.584636 0.651682 0.718542 0.784667 0.837069 0.830373 0.689502 0.575969 0.515374 0.463631 0.424247 0.438507 0.449219 0.458305 0.480361 0.501244 0.50368 0.478538 0.427207 0.356037 0.276159 0.325082 0.47693 0.602868 0.673911 0.672492 0.615762 0.54266 0.477628 0.426296 0.388053 0.352514 0.329681 0.319143 0.334728 0.397334 0.536487 0.690489 0.797102 0.754162 0.567998 0.397741 0.309432
0.273014 0.343082 0.425643 0.457892 0.45006 0.463499 0.508395 0.565736 0.625262 0.684528 0.738538 0.779033 0.764655 0.603899 0.49603 0.445466 0.402988 0.373342 0.417821 0.429542 0.437753 0.480507 0.537846 0.558946 0.521482 0.459587 0.39912 0.361926 0.389906 0.473229 0.557753 0.609727 0.60641 0.547859 0.473636 0.404802 0.350718 0.314839 0.302228 0.300891 0.310404 0.352324 0.441078 0.5816 0.737864 0.8296 0.726086 0.466053 0.239701 0.193013
0.178127 0.221286 0.296844 0.356961 0.396784 0.439912 0.492947 0.546414 0.595131 0.636646 0.656163 0.634302 0.552196 0.431555 0.374231 0.356038 0.336429 0.32979 0.34797 0.364039 0.38084 0.438337 0.560638 0.646977 0.563773 0.500914 0.463381 0.454938 0.481605 0.53172 0.580327 0.608394 0.592485 0.524039 0.443629 0.361965 0.288304 0.263738 0.282821 0.296343 0.31753 0.369989 0.458193 0.579665 0.726585 0.754945 0.531496 0.334255 0.155347 0.143035
0.0829656 0.105787 0.203238 0.285267 0.353429 0.417267 0.479669 0.530812 0.569313 0.592392 0.580369 0.512836 0.381444 0.239233 0.259793 0.267212 0.260735 0.260127 0.276534 0.293102 0.289372 0.315251 0.427041 0.52305 0.49535 0.503403 0.508285 0.525811 0.566218 0.612067 0.646785 0.665015 0.6374 0.558549 0.466108 0.367219 0.263484 0.267113 0.289813 0.301634 0.316232 0.358511 0.425467 0.502971 0.557997 0.458899 0.277874 0.23445 0.189386 0.179046
0.0619918 0.0766135 0.165297 0.252425 0.332909 0.407464 0.475628 0.525591 0.556893 0.566572 0.535953 0.453419 0.331795 0.230292 0.213595 0.202572 0.192551 0.199534 0.224367 0.247406 0.205332 0.150233 0.202591 0.186087 0.374415 0.480055 0.535489 0.581779 0.638146 0.690155 0.72383 0.743608 0.716355 0.63724 0.53561 0.430274 0.338635 0.325446 0.327408 0.319073 0.310732 0.327667 0.360923 0.390861 0.381648 0.282464 0.18119 0.191178 0.236491 0.229705
0.10424 0.117483 0.17632 0.254174 0.335533 0.414197 0.485835 0.536066 0.562869 0.563733 0.52805 0.449835 0.352168 0.26875 0.220279 0.178705 0.154454 0.156623 0.181096 0.205614 0.180177 0.149055 0.179712 0.248449 0.377649 0.489059 0.562269 0.623605 0.692297 0.755404 0.781331 0.803746 0.784583 0.715116 0.624946 0.530513 0.452019 0.418799 0.392393 0.352177 0.314473 0.293664 0.292283 0.297679 0.286382 0.233287 0.161963 0.1296 0.28072 0.264672
0.15238 0.16582 0.211426 0.279431 0.356994 0.435649 0.508631 0.562163 0.584418 0.582781 0.549459 0.484674 0.402025 0.325441 0.251811 0.190517 0.152457 0.134074 0.154485 0.195958 0.208637 0.219684 0.262214 0.346025 0.451761 0.53854 0.597087 0.646156 0.699679 0.758619 0.796387 0.825924 0.822079 0.77562 0.707298 0.632644 0.561408 0.518369 0.471001 0.408402 0.340597 0.274878 0.237243 0.239424 0.252584 0.242404 0.203012 0.163691 0.242814 0.28004
0.198619 0.215338 0.256322 0.31806 0.391817 0.46937 0.54307 0.597846 0.618817 0.618076 0.593315 0.543985 0.477321 0.390911 0.303097 0.232805 0.18865 0.171951 0.193015 0.236603 0.274425 0.315198 0.373974 0.457754 0.547672 0.608795 0.634666 0.648731 0.665404 0.706857 0.772328 0.821932 0.833706 0.810258 0.770975 0.723918 0.672629 0.624368 0.564892 0.487588 0.393628 0.285682 0.194989 0.217491 0.272702 0.310667 0.322803 0.312661 0.313035 0.319425
0.240291 0.261256 0.304834 0.363291 0.434739 0.51169 0.586616 0.639087 0.66248 0.665063 0.653268 0.623971 0.561612 0.465987 0.37095 0.293968 0.251663 0.24696 0.268903 0.311679 0.360594 0.415776 0.484486 0.558835 0.633314 0.683259 0.669024 0.647256 0.628104 0.656764 0.744427 0.819308 0.841094 0.829913 0.816404 0.797387 0.780308 0.737072 0.668709 0.579588 0.471102 0.349304 0.245112 0.264454 0.333596 0.408153 0.474258 0.453732 0.393028 0.363225
0.275427 0.300731 0.348665 0.410598 0.48132 0.558732 0.634802 0.685517 0.713814 0.724112 0.724086 0.701581 0.648147 0.554108 0.445553 0.359957 0.318882 0.322387 0.351469 0.394631 0.44531 0.501052 0.56068 0.618568 0.671311 0.70402 0.69549 0.660392 0.613719 0.60655 0.753534 0.837177 0.851814 0.847638 0.84039 0.840778 0.871684 0.852925 0.756423 0.66424 0.558569 0.442651 0.36252 0.355824 0.4014 0.476206 0.574997 0.527504 0.432384 0.385021
0.302236 0.331307 0.382627 0.452747 0.527767 0.60745 0.686921 0.74199 0.774739 0.785359 0.778511 0.761571 0.7345 0.64664 0.513156 0.415745 0.371432 0.381268 0.428848 0.476687 0.512555 0.55205 0.591529 0.63172 0.68063 0.722261 0.72504 0.689893 0.665107 0.704505 0.833621 0.872149 0.859392 0.850296 0.832176 0.833455 0.877893 0.872635 0.777446 0.712396 0.620359 0.506541 0.438987 0.42329 0.441278 0.477015 0.501687 0.467901 0.409756 0.379006
0.322389 0.35253 0.407173 0.482565 0.572507 0.664236 0.749395 0.806557 0.831439 0.827419 0.811751 0.793173 0.767654 0.688248 0.560118 0.45617 0.399033 0.396997 0.480913 0.548022 0.551932 0.563308 0.577219 0.602905 0.651606 0.726401 0.747865 0.692606 0.684989 0.737109 0.833621 0.851483 0.839736 0.814074 0.789263 0.778353 0.784112 0.762974 0.703101 0.65106 0.583869 0.507231 0.467517 0.456434 0.452196 0.445393 0.420425 0.380477 0.356483 0.3612
0.351784 0.380118 0.435139 0.514141 0.611231 0.716573 0.809644 0.868719 0.883189 0.860903 0.827933 0.795505 0.755716 0.684361 0.58585 0.491355 0.412884 0.357276 0.434645 0.529163 0.553101 0.548999 0.536335 0.533893 0.55723 0.623319 0.647396 0.598376 0.610745 0.661551 0.715419 0.752407 0.758985 0.742418 0.720416 0.696471 0.673334 0.634896 0.569301 0.501849 0.466471 0.456169 0.463487 0.468495 0.454831 0.423679 0.373366 0.310617 0.318717 0.359646
0.368805 0.398417 0.455388 0.536753 0.635343 0.742421 0.843447 0.916238 0.9219 0.882513 0.840209 0.794207 0.74305 0.680235 0.598055 0.526996 0.454345 0.393311 0.439579 0.519101 0.54724 0.531812 0.496456 0.45729 0.420183 0.412727 0.417419 0.416839 0.473138 0.543969 0.594876 0.630512 0.648859 0.654113 0.643878 0.616072 0.575237 0.512903 0.430604 0.335838 0.345046 0.414738 0.475258 0.502504 0.492685 0.458572 0.406736 0.349874 0.365654 0.41214
0.376305 0.405173 0.463557 0.547057 0.645035 0.746933 0.839435 0.895945 0.902483 0.875571 0.836682 0.789804 0.734752 0.672499 0.600132 0.540181 0.496619 0.47715 0.503527 0.55099 0.573631 0.534841 0.47303 0.406338 0.329642 0.277728 0.255804 0.225969 0.358281 0.445488 0.48643 0.513569 0.539801 0.566663 0.57588 0.557131 0.511563 0.439212 0.33858 0.178181 0.288494 0.442269 0.543049 0.573226 0.559965 0.527254 0.489604 0.463825 0.47274 0.500247
0.375933 0.399344 0.461567 0.547504 0.642091 0.735676 0.81639 0.856213 0.858617 0.841093 0.809919 0.767095 0.715325 0.656346 0.585414 0.531849 0.50187 0.497941 0.528939 0.577709 0.625813 0.540393 0.463846 0.397365 0.341532 0.30043 0.260151 0.248731 0.330076 0.391846 0.422767 0.435771 0.447029 0.498548 0.529958 0.5282 0.49279 0.434832 0.365869 0.313735 0.39613 0.547715 0.654612 0.659884 0.637045 0.60465 0.576246 0.561237 0.565209 0.572065
0.377657 0.389413 0.460726 0.544208 0.631783 0.716033 0.787784 0.821285 0.818198 0.798073 0.768421 0.729752 0.683057 0.629039 0.56166 0.504515 0.478101 0.478115 0.498099 0.527775 0.53839 0.498754 0.442345 0.394229 0.367406 0.356791 0.329299 0.32339 0.369215 0.40941 0.432837 0.43269 0.424943 0.477706 0.516294 0.526457 0.510768 0.480899 0.4595 0.465896 0.548248 0.672751 0.739097 0.728015 0.695291 0.66067 0.636026 0.626122 0.624209 0.619264
0.397228 0.424621 0.479314 0.55017 0.627015 0.699299 0.758853 0.792003 0.787714 0.7633 0.731584 0.694295 0.651885 0.601339 0.538763 0.475738 0.449898 0.447291 0.450589 0.454472 0.450315 0.422402 0.383992 0.354572 0.348814 0.378676 0.379681 0.394131 0.444691 0.490797 0.520166 0.520384 0.511808 0.520639 0.537249 0.551192 0.555327 0.55394 0.555662 0.587261 0.683494 0.79689 0.794932 0.777376 0.74361 0.70872 0.684621 0.672952 0.665381 0.654695
0.426265 0.457107 0.50361 0.561317 0.625354 0.686924 0.737962 0.770409 0.768799 0.740911 0.706365 0.667874 0.626699 0.578619 0.523937 0.469484 0.437373 0.423819 0.411064 0.396567 0.381197 0.355508 0.323034 0.298279 0.301394 0.345227 0.401495 0.465045 0.544913 0.625201 0.682339 0.674367 0.635455 0.605512 0.594313 0.597399 0.609404 0.61854 0.632277 0.668177 0.747722 0.818066 0.816674 0.797439 0.768598 0.742446 0.724831 0.708662 0.691038 0.67153
0.445657 0.470315 0.507855 0.556196 0.609879 0.663321 0.709168 0.740617 0.748925 0.728163 0.692204 0.651616 0.611037 0.564934 0.517076 0.472767 0.43763 0.409885 0.384193 0.354653 0.328408 0.303167 0.273904 0.248724 0.258488 0.337887 0.436408 0.5386 0.649102 0.767029 0.887011 0.841056 0.75542 0.697758 0.667017 0.657989 0.651475 0.656199 0.682184 0.719825 0.768373 0.805281 0.813978 0.805589 0.783943 0.765841 0.749084 0.729719 0.706912 0.680807
0.444183 0.460488 0.489181 0.529901 0.57926 0.628246 0.669964 0.69825 0.71189 0.702823 0.676212 0.64081 0.601103 0.558178 0.515312 0.475835 0.438045 0.400931 0.364338 0.327134 0.299589 0.277618 0.256873 0.244126 0.253229 0.373418 0.497592 0.617593 0.740643 0.860576 0.940935 0.912984 0.835775 0.772034 0.731937 0.709251 0.683314 0.679307 0.700024 0.741379 0.781458 0.804841 0.811047 0.808132 0.794144 0.780078 0.768444 0.753957 0.730526 0.694737
0.423635 0.429601 0.448393 0.483877 0.53351 0.58729 0.630035 0.653821 0.662355 0.659917 0.644117 0.622134 0.593915 0.555944 0.51187 0.47058 0.432142 0.39614 0.356567 0.317531 0.290215 0.276956 0.281192 0.298749 0.346733 0.445016 0.568013 0.691924 0.803392 0.894961 0.944792 0.931331 0.879494 0.825503 0.785907 0.747488 0.711808 0.699438 0.710065 0.743261 0.783275 0.809951 0.82 0.813218 0.798912 0.790982 0.792184 0.786522 0.758339 0.71061
0.38664 0.38572 0.402865 0.435366 0.485433 0.552159 0.606995 0.62507 0.624411 0.6178 0.607242 0.5918 0.573153 0.545062 0.501626 0.455972 0.416123 0.382475 0.354174 0.316917 0.290653 0.290043 0.314104 0.359812 0.429305 0.523092 0.635677 0.748986 0.844201 0.910989 0.940629 0.934458 0.900063 0.860646 0.825952 0.780962 0.736962 0.71497 0.719225 0.744306 0.781116 0.809751 0.818685 0.807316 0.788325 0.787304 0.80799 0.818311 0.780922 0.714958
0.350669 0.349598 0.359842 0.384158 0.426261 0.512339 0.599025 0.596514 0.590519 0.582627 0.569982 0.553529 0.53228 0.506355 0.469486 0.42195 0.380094 0.348956 0.327788 0.30729 0.293308 0.302284 0.341462 0.407131 0.489519 0.589702 0.696355 0.797762 0.880018 0.93122 0.943761 0.934195 0.90409 0.8632 0.829761 0.788318 0.748197 0.728556 0.732193 0.751936 0.778245 0.801239 0.800755 0.774024 0.736471 0.726072 0.777811 0.83581 0.771689 0.694103
0.322319 0.317646 0.318313 0.335311 0.371421 0.449445 0.525976 0.546061 0.546267 0.537623 0.523453 0.501006 0.47226 0.442096 0.405248 0.363535 0.328131 0.29916 0.280882 0.265251 0.268365 0.298383 0.351879 0.428878 0.526233 0.631618 0.734513 0.829622 0.905948 0.947821 0.94558 0.910524 0.866769 0.825584 0.792027 0.753263 0.731385 0.728069 0.740043 0.764271 0.78727 0.79621 0.775893 0.713552 0.630009 0.574872 0.634841 0.75765 0.69531 0.636042
0.288816 0.279332 0.276462 0.290069 0.325901 0.384986 0.446492 0.480695 0.489261 0.482674 0.46605 0.438642 0.408633 0.3765 0.340302 0.303408 0.276417 0.25609 0.237931 0.222822 0.22932 0.26599 0.332723 0.42556 0.535338 0.645038 0.747674 0.838546 0.906397 0.934736 0.920071 0.86782 0.798716 0.741873 0.70808 0.684448 0.683916 0.705113 0.736171 0.77501 0.807069 0.810306 0.763575 0.657242 0.508625 0.341341 0.379658 0.51419 0.556152 0.552316
0.255625 0.239666 0.232166 0.241412 0.273971 0.327162 0.380466 0.414596 0.425225 0.418325 0.400478 0.379282 0.353599 0.324904 0.29336 0.265016 0.248589 0.251152 0.229646 0.214769 0.220278 0.253336 0.320538 0.415253 0.520226 0.625012 0.724048 0.811066 0.873825 0.89722 0.878198 0.812722 0.716261 0.630506 0.585808 0.581221 0.606914 0.65625 0.715115 0.777853 0.840391 0.855125 0.775769 0.634085 0.458185 0.28 0.275941 0.38097 0.448808 0.480882
0.230625 0.206772 0.189897 0.190079 0.217429 0.268006 0.318805 0.351575 0.360319 0.356016 0.345726 0.328576 0.306423 0.281342 0.262176 0.252563 0.247197 0.252071 0.240406 0.227938 0.23605 0.270108 0.333764 0.422601 0.512598 0.593817 0.673117 0.745318 0.810239 0.851105 0.838058 0.752192 0.630611 0.519027 0.451679 0.469412 0.514279 0.588077 0.671804 0.762597 0.869035 0.927933 0.786389 0.630636 0.47376 0.350248 0.311863 0.349039 0.404588 0.443209
0.217963 0.18681 0.157135 0.137873 0.154546 0.211226 0.272626 0.306872 0.314313 0.314282 0.304634 0.288171 0.265617 0.241969 0.228303 0.22612 0.225332 0.228087 0.225493 0.218512 0.231168 0.279146 0.35734 0.450302 0.526812 0.580329 0.620297 0.66506 0.723954 0.801226 0.817567 0.686513 0.53329 0.408856 0.351342 0.36457 0.427406 0.526143 0.633909 0.73566 0.814741 0.835841 0.748433 0.627735 0.506473 0.410179 0.356866 0.348907 0.37579 0.4132
0.223711 0.189644 0.146187 0.0962096 0.0863752 0.17951 0.265906 0.300573 0.306241 0.296829 0.278746 0.252414 0.228904 0.207011 0.195349 0.194445 0.198149 0.197337 0.189425 0.178954 0.189322 0.254103 0.361302 0.473259 0.557593 0.586369 0.567153 0.564012 0.602531 0.684019 0.726922 0.56769 0.408046 0.277515 0.221535 0.258791 0.363598 0.494058 0.60925 0.692689 0.738893 0.73692 0.690315 0.61418 0.529813 0.458723 0.40929 0.383175 0.383371 0.400843
0.25471 0.225731 0.183728 0.124828 0.0676709 0.231412 0.329484 0.355546 0.341386 0.313412 0.264127 0.228903 0.205401 0.180719 0.169646 0.172664 0.182397 0.180496 0.165069 0.138355 0.117352 0.202603 0.345365 0.480993 0.582378 0.606928 0.506034 0.425607 0.425641 0.46553 0.46762 0.389705 0.270634 0.149925 0.0739727 0.166027 0.346007 0.490647 0.605092 0.678029 0.706341 0.700134 0.664734 0.600224 0.52754 0.475764 0.433872 0.406313 0.402185 0.414466
0.308403 0.293667 0.276727 0.268093 0.301043 0.407521 0.485022 0.478214 0.424425 0.355801 0.27093 0.231365 0.198578 0.167453 0.154729 0.166545 0.188891 0.193678 0.180391 0.150405 0.110408 0.193663 0.335305 0.467997 0.552635 0.547399 0.417831 0.263917 0.222257 0.2635 0.267209 0.230404 0.156243 0.080793 0.0488829 0.177761 0.358382 0.509089 0.616894 0.677041 0.690304 0.679831 0.655057 0.608072 0.545045 0.475118 0.434602 0.412215 0.410694 0.426314
0.375014 0.379337 0.393221 0.430116 0.503153 0.61941 0.723887 0.65235 0.5138 0.413338 0.33069 0.265904 0.212121 0.167456 0.149415 0.178035 0.229858 0.261876 0.265767 0.247454 0.224802 0.263015 0.37141 0.469779 0.514068 0.470955 0.338167 0.162314 0.0957011 0.144402 0.155685 0.128129 0.101439 0.085316 0.128284 0.245584 0.403537 0.552632 0.650888 0.693379 0.69254 0.67716 0.655731 0.617245 0.566458 0.508022 0.445877 0.413911 0.417349 0.435436
