src/mapping2d_qt/surfaces/1.grd
DSAA
50 50
-1008.77 982.199
-949.016 997.895
0.0112697 0.958155
[rows 0 to 34 of 50, columns 0 to 49 of 50]
0.452807 0.453236 0.452304 0.449808 0.445721 0.440109 0.432995 0.422693 0.409444 0.394274 0.378146 0.362048 0.346954 0.332898 0.319873 0.307865 0.294987 0.279933 0.264768 0.266531 0.277394 0.288354 0.298809 0.308837 0.318646 0.328464 0.338452 0.348612 0.358721 0.36833 0.376824 0.38353 0.389726 0.397087 0.405108 0.412931 0.420174 0.423868 0.422559 0.417651 0.409291 0.397406 0.38202 0.363431 0.342409 0.320657 0.300624 0.284801 0.275261 0.272941
0.46216 0.464698 0.465249 0.463709 0.460174 0.454762 0.447485 0.436629 0.42198 0.404312 0.385287 0.366146 0.347937 0.331285 0.315724 0.301885 0.289251 0.274636 0.260072 0.261773 0.271941 0.281412 0.290373 0.298934 0.307403 0.31616 0.325543 0.33568 0.346351 0.356985 0.366749 0.3743 0.381543 0.389524 0.397928 0.406652 0.415413 0.420834 0.421435 0.417728 0.410114 0.398125 0.381944 0.361561 0.33758 0.311504 0.28598 0.26522 0.252958 0.250528
0.47327 0.478098 0.480068 0.479407 0.476464 0.471369 0.464088 0.452969 0.437641 0.418903 0.397687 0.375849 0.355039 0.336205 0.318961 0.303673 0.289972 0.279009 0.271104 0.270305 0.274976 0.280476 0.286208 0.292051 0.298145 0.304952 0.313047 0.322768 0.33387 0.344634 0.353765 0.360668 0.36726 0.374719 0.383119 0.39252 0.403268 0.410768 0.414159 0.413166 0.408558 0.399347 0.384131 0.362427 0.3352 0.304038 0.272263 0.245273 0.229653 0.228337
0.485487 0.492794 0.495848 0.495926 0.493786 0.489366 0.482364 0.471314 0.455461 0.435838 0.413682 0.390129 0.367204 0.346647 0.328337 0.31208 0.297688 0.287244 0.282291 0.280874 0.282191 0.284139 0.285963 0.288289 0.29112 0.295035 0.301043 0.309791 0.319505 0.328971 0.336837 0.341829 0.347167 0.353697 0.361658 0.372003 0.384516 0.394312 0.40092 0.403725 0.403315 0.398701 0.387494 0.367326 0.337517 0.300885 0.260792 0.22447 0.20527 0.208261
0.497852 0.507784 0.51083 0.511716 0.511111 0.508202 0.502041 0.491406 0.475057 0.454409 0.431316 0.407262 0.383209 0.361369 0.342317 0.325218 0.310115 0.298884 0.293519 0.292011 0.291438 0.290741 0.289107 0.287706 0.286701 0.286727 0.28926 0.294594 0.302632 0.310956 0.316322 0.319104 0.322669 0.327668 0.334586 0.34582 0.359756 0.371924 0.382037 0.389446 0.39437 0.395949 0.391277 0.375812 0.346991 0.306616 0.258442 0.206534 0.180115 0.196954
0.506231 0.518763 0.521242 0.52461 0.527323 0.527492 0.52327 0.513307 0.496218 0.47394 0.449654 0.425395 0.401661 0.379128 0.359434 0.341488 0.325513 0.313112 0.305809 0.303767 0.302132 0.299569 0.295347 0.290614 0.285798 0.281034 0.276144 0.277337 0.28527 0.29186 0.29418 0.294303 0.295282 0.297912 0.303221 0.314507 0.329503 0.343934 0.358121 0.371367 0.383063 0.392959 0.398532 0.391028 0.364431 0.326113 0.277032 0.221756 0.191818 0.209518
0.497328 0.513027 0.523277 0.53286 0.54124 0.546226 0.545306 0.536329 0.518188 0.493243 0.46758 0.443799 0.421042 0.398844 0.378422 0.359605 0.342667 0.329017 0.319921 0.316304 0.314151 0.31043 0.304559 0.297478 0.289957 0.280056 0.265667 0.262311 0.271387 0.274676 0.272844 0.269284 0.266551 0.265744 0.268585 0.278736 0.295203 0.313712 0.333464 0.35302 0.371795 0.389665 0.404549 0.406168 0.385757 0.355139 0.31352 0.268417 0.240127 0.237766
0.482943 0.501733 0.518036 0.533293 0.547532 0.558607 0.562674 0.555435 0.535169 0.504821 0.478854 0.460269 0.440756 0.419491 0.39818 0.37843 0.360536 0.345757 0.335203 0.329858 0.327595 0.323372 0.316661 0.308391 0.299553 0.287374 0.273597 0.266606 0.265657 0.261787 0.254409 0.245695 0.237953 0.232495 0.231899 0.241778 0.260946 0.283682 0.30866 0.334287 0.359883 0.384004 0.400835 0.405871 0.398229 0.381791 0.352892 0.30948 0.275862 0.261168
0.46745 0.484988 0.503546 0.524002 0.545548 0.565521 0.578575 0.575991 0.552581 0.514555 0.486507 0.471521 0.455129 0.437478 0.41743 0.396794 0.37832 0.363365 0.352627 0.346693 0.344517 0.340321 0.333296 0.324579 0.314291 0.300849 0.286923 0.275801 0.26556 0.253614 0.239838 0.224841 0.210897 0.199915 0.197015 0.206309 0.227286 0.254001 0.283886 0.31551 0.346702 0.372593 0.390677 0.399277 0.399183 0.394087 0.381014 0.330942 0.29341 0.272594
0.446354 0.460473 0.47958 0.504598 0.533507 0.563853 0.591384 0.600343 0.572153 0.531352 0.498991 0.477628 0.461728 0.446988 0.430797 0.414147 0.396913 0.382722 0.372475 0.366656 0.364738 0.360829 0.353794 0.345027 0.333257 0.318246 0.30193 0.28556 0.267946 0.249624 0.229542 0.207903 0.187111 0.171799 0.166372 0.175294 0.198515 0.230139 0.264897 0.300364 0.332633 0.359163 0.377301 0.386471 0.387125 0.379566 0.359539 0.32456 0.290579 0.268955
0.421246 0.428585 0.446189 0.475212 0.509068 0.545803 0.585741 0.626299 0.573882 0.529654 0.49641 0.473783 0.458433 0.44728 0.436865 0.426502 0.415018 0.402583 0.393521 0.388536 0.387212 0.383668 0.376677 0.367678 0.354525 0.337605 0.318347 0.297405 0.274405 0.249864 0.224056 0.196305 0.171625 0.15439 0.146825 0.15524 0.181119 0.217999 0.255308 0.289872 0.324738 0.352241 0.368366 0.373086 0.367906 0.35437 0.331476 0.301058 0.270918 0.250952
0.397253 0.393555 0.407301 0.440048 0.472967 0.506216 0.537636 0.552723 0.53286 0.501745 0.475294 0.456599 0.445237 0.439116 0.435583 0.432239 0.428281 0.421636 0.414553 0.411136 0.410772 0.407547 0.400577 0.391212 0.376753 0.357847 0.336241 0.31242 0.285399 0.255912 0.224883 0.195891 0.171665 0.152838 0.140881 0.14601 0.177291 0.220838 0.256465 0.285984 0.328377 0.355671 0.367336 0.364777 0.350417 0.327268 0.298886 0.268267 0.238954 0.220796
0.381242 0.377201 0.385506 0.406994 0.430405 0.452792 0.470894 0.477974 0.470156 0.454334 0.439062 0.428466 0.423861 0.423911 0.427058 0.431555 0.435723 0.436948 0.434435 0.433336 0.434196 0.431185 0.424273 0.414528 0.399227 0.379409 0.356435 0.330546 0.300743 0.268399 0.237368 0.21051 0.189301 0.17126 0.154571 0.145714 0.195215 0.24582 0.285505 0.319383 0.353212 0.373858 0.37762 0.36667 0.343203 0.310712 0.273689 0.237308 0.205843 0.187183
0.371871 0.367949 0.369519 0.376929 0.387021 0.396952 0.404563 0.407627 0.405394 0.400127 0.395248 0.39396 0.397233 0.404451 0.413914 0.4256 0.436917 0.445622 0.449851 0.451816 0.454297 0.452256 0.446788 0.438045 0.422813 0.402444 0.378415 0.351254 0.320161 0.289765 0.261683 0.239696 0.22396 0.211794 0.203648 0.210184 0.249791 0.296213 0.336011 0.370234 0.395995 0.410608 0.409176 0.389735 0.354956 0.3101 0.261532 0.215827 0.179879 0.162128
0.365395 0.358791 0.354601 0.352451 0.350536 0.348133 0.34605 0.345472 0.346806 0.34978 0.354247 0.361506 0.371566 0.383719 0.397107 0.413542 0.430711 0.445828 0.457137 0.464019 0.468156 0.468015 0.464808 0.458287 0.445211 0.425856 0.40133 0.373554 0.344502 0.317788 0.294634 0.279177 0.270487 0.268597 0.27371 0.291424 0.325837 0.3644 0.399404 0.429646 0.456066 0.469553 0.462164 0.431717 0.383262 0.324093 0.261666 0.204491 0.162502 0.145037
0.361945 0.354921 0.347489 0.337675 0.324123 0.308324 0.295263 0.290654 0.29578 0.306524 0.319923 0.33518 0.34998 0.364045 0.378582 0.396713 0.418677 0.439459 0.457421 0.469846 0.475951 0.478506 0.47743 0.472851 0.462138 0.444799 0.421426 0.39406 0.368298 0.345796 0.328548 0.319729 0.319358 0.328143 0.345707 0.372415 0.407061 0.440856 0.471981 0.502744 0.528732 0.543759 0.533884 0.490368 0.426134 0.351429 0.272938 0.200377 0.150097 0.133915
0.365321 0.359516 0.35108 0.336038 0.311279 0.279581 0.251514 0.242049 0.253454 0.273601 0.295772 0.315567 0.332249 0.346853 0.361816 0.380208 0.403099 0.428143 0.451739 0.468361 0.477969 0.483704 0.484511 0.480962 0.47109 0.454169 0.431814 0.408572 0.388215 0.370561 0.358832 0.356457 0.3642 0.382371 0.410347 0.446263 0.485835 0.520059 0.552974 0.581143 0.604378 0.62272 0.617365 0.55141 0.473359 0.386784 0.293373 0.200211 0.138483 0.134021
0.376257 0.372546 0.366891 0.351782 0.317503 0.267293 0.215133 0.1987 0.225729 0.257129 0.283914 0.304715 0.320777 0.33397 0.348017 0.365322 0.387547 0.413196 0.439889 0.460073 0.47403 0.483636 0.485271 0.479483 0.469234 0.454909 0.437209 0.421643 0.409596 0.39881 0.391373 0.393243 0.405465 0.429119 0.464893 0.509961 0.556655 0.598939 0.632127 0.654862 0.669542 0.676891 0.65978 0.598333 0.520223 0.43199 0.333163 0.223686 0.13375 0.16157
0.393378 0.392069 0.39122 0.386442 0.344658 0.28192 0.213313 0.190378 0.230519 0.263513 0.287928 0.305241 0.317231 0.327051 0.338052 0.352454 0.3723 0.396312 0.421039 0.444285 0.464092 0.478841 0.476519 0.469449 0.463502 0.455847 0.445439 0.437931 0.433528 0.430669 0.427668 0.432906 0.448593 0.475801 0.514919 0.563337 0.617401 0.668219 0.703624 0.720127 0.721826 0.711972 0.685508 0.636994 0.571705 0.494272 0.406561 0.316548 0.254383 0.243779
0.413543 0.413512 0.413602 0.407761 0.374111 0.324032 0.278628 0.261782 0.276131 0.294663 0.308975 0.317781 0.322622 0.326733 0.332389 0.341889 0.357508 0.375721 0.395533 0.417432 0.441248 0.465793 0.459668 0.456992 0.456945 0.457145 0.455269 0.45604 0.459057 0.46289 0.465734 0.473529 0.491244 0.520018 0.560371 0.608663 0.667137 0.725178 0.766076 0.772458 0.760236 0.740041 0.713069 0.676101 0.628034 0.569609 0.502986 0.436956 0.384919 0.355704
0.435992 0.436243 0.43519 0.427384 0.406971 0.378194 0.352725 0.340824 0.341254 0.34351 0.343843 0.341025 0.336854 0.333137 0.331934 0.334822 0.341579 0.350783 0.362646 0.377785 0.397648 0.418572 0.431677 0.441553 0.451234 0.459928 0.467559 0.476733 0.486779 0.495957 0.503261 0.512758 0.530444 0.55834 0.595967 0.640276 0.699344 0.766035 0.820518 0.800124 0.775302 0.754165 0.735045 0.7131 0.685225 0.650064 0.608286 0.560954 0.513415 0.474201
0.459292 0.461914 0.462297 0.458934 0.450209 0.438164 0.42735 0.420405 0.411379 0.397401 0.381118 0.364946 0.350564 0.339377 0.331148 0.325913 0.323607 0.321827 0.323169 0.329815 0.349827 0.376429 0.402556 0.426436 0.447972 0.466363 0.4824 0.4998 0.51614 0.529575 0.539488 0.548729 0.564234 0.588444 0.61816 0.653905 0.703118 0.758008 0.793287 0.782071 0.758912 0.745584 0.743902 0.739876 0.73439 0.727462 0.713714 0.68342 0.636813 0.586968
0.474664 0.482188 0.488843 0.493877 0.497184 0.49941 0.497838 0.490553 0.471557 0.442047 0.409588 0.379264 0.353014 0.331549 0.314885 0.302717 0.293768 0.285312 0.278322 0.280633 0.304403 0.340267 0.378833 0.415962 0.449673 0.47849 0.502341 0.525686 0.547176 0.563456 0.57427 0.581618 0.592028 0.609077 0.628062 0.650933 0.682977 0.718175 0.738573 0.738162 0.729465 0.728992 0.737889 0.748255 0.764908 0.788285 0.810773 0.801471 0.747103 0.683586
0.478157 0.490637 0.504041 0.518366 0.531999 0.541312 0.547518 0.545636 0.519481 0.472323 0.421591 0.376184 0.338138 0.307647 0.28407 0.266306 0.250944 0.235403 0.222462 0.229853 0.263774 0.312176 0.363487 0.413022 0.458408 0.497757 0.529685 0.55786 0.581315 0.597911 0.607259 0.611971 0.615955 0.622921 0.628892 0.636752 0.651412 0.670584 0.683711 0.687303 0.688831 0.697844 0.71227 0.732936 0.765538 0.813309 0.877928 0.905027 0.823408 0.750971
0.469322 0.485993 0.505191 0.524401 0.538798 0.550988 0.563723 0.575579 0.544149 0.475308 0.40856 0.351299 0.305525 0.270489 0.243855 0.22278 0.202421 0.180479 0.162406 0.170098 0.230913 0.296724 0.359153 0.419229 0.475117 0.524772 0.565603 0.598906 0.623546 0.636423 0.639042 0.638869 0.637532 0.633782 0.62604 0.61787 0.615801 0.61972 0.626141 0.629643 0.634427 0.647422 0.66646 0.691545 0.730017 0.783653 0.842284 0.866391 0.837259 0.779209
0.449908 0.469588 0.490954 0.506592 0.517805 0.526728 0.535153 0.539053 0.504365 0.437242 0.373604 0.319099 0.276793 0.244801 0.220485 0.199077 0.1767 0.151684 0.137228 0.151076 0.217803 0.296407 0.367229 0.434548 0.499086 0.558581 0.609889 0.65033 0.677692 0.684816 0.672292 0.665103 0.659151 0.644024 0.621963 0.598059 0.580761 0.571332 0.568408 0.570213 0.574942 0.586679 0.60519 0.627526 0.663799 0.715717 0.767358 0.802639 0.812921 0.771587
0.420003 0.440943 0.456951 0.465963 0.469806 0.469696 0.465224 0.45085 0.420629 0.37807 0.333581 0.292088 0.257451 0.231723 0.211918 0.193757 0.174555 0.157674 0.157788 0.182332 0.23586 0.305825 0.381781 0.454948 0.527124 0.595956 0.658567 0.71033 0.746507 0.753677 0.722962 0.704896 0.686638 0.657627 0.621505 0.582325 0.550619 0.528996 0.516347 0.512093 0.515005 0.523707 0.538073 0.550856 0.579075 0.636113 0.692165 0.732689 0.748762 0.737944
0.379764 0.395876 0.403549 0.404161 0.398808 0.387874 0.371872 0.35819 0.340022 0.315411 0.287429 0.26089 0.238209 0.222879 0.211808 0.200259 0.186648 0.176457 0.183773 0.211103 0.259388 0.32142 0.390592 0.464318 0.54416 0.62431 0.701176 0.770413 0.826425 0.849082 0.813648 0.763158 0.716734 0.670169 0.621787 0.571338 0.526627 0.49381 0.472085 0.460486 0.458992 0.466676 0.478899 0.485033 0.501729 0.567767 0.625097 0.667335 0.691143 0.695655
0.328978 0.336164 0.33457 0.325781 0.310696 0.290843 0.278026 0.271785 0.263034 0.249374 0.234719 0.223581 0.217587 0.215598 0.214564 0.211048 0.204032 0.19842 0.208274 0.234969 0.27808 0.332541 0.395557 0.464744 0.541234 0.628684 0.716799 0.803463 0.887121 0.958155 0.875645 0.798879 0.733758 0.674273 0.617129 0.560723 0.50763 0.466513 0.437373 0.420504 0.415351 0.42098 0.435684 0.450887 0.478262 0.524876 0.574229 0.614596 0.641242 0.649952
0.277574 0.273551 0.26284 0.244807 0.219584 0.200307 0.192705 0.190875 0.188931 0.183663 0.179144 0.180558 0.191523 0.205761 0.219181 0.227345 0.227906 0.224451 0.232234 0.25483 0.290148 0.335841 0.392069 0.455881 0.524635 0.608753 0.699421 0.787678 0.866735 0.905178 0.862433 0.792918 0.726885 0.66425 0.604285 0.546356 0.490065 0.443885 0.411459 0.39252 0.386424 0.392508 0.408884 0.427757 0.455612 0.493507 0.534248 0.570115 0.593782 0.602514
0.234931 0.217992 0.196481 0.16962 0.142446 0.129123 0.123874 0.121736 0.121969 0.121899 0.122355 0.133035 0.159705 0.197099 0.232156 0.255006 0.261637 0.256962 0.257283 0.27282 0.30148 0.341979 0.392817 0.450369 0.511598 0.583846 0.668358 0.746046 0.804962 0.828283 0.806295 0.754456 0.697486 0.639677 0.582589 0.527272 0.474035 0.425677 0.391947 0.372614 0.367324 0.375911 0.393101 0.411968 0.437105 0.468471 0.502086 0.530522 0.549284 0.55649
0.203361 0.173194 0.141831 0.107663 0.0847277 0.0749799 0.070788 0.0703176 0.0723891 0.0750641 0.077547 0.0850444 0.126283 0.199758 0.262699 0.299606 0.30884 0.298522 0.292737 0.300722 0.322033 0.355481 0.398988 0.449235 0.502432 0.562205 0.634453 0.700371 0.745021 0.760082 0.743139 0.703419 0.653959 0.604207 0.553735 0.504319 0.457153 0.4136 0.379719 0.360819 0.35648 0.366502 0.383751 0.40298 0.426842 0.453426 0.479367 0.500854 0.514842 0.520005
0.177889 0.131248 0.0955261 0.0629042 0.0454269 0.0369625 0.0345051 0.0376854 0.0454076 0.0554663 0.0611741 0.0498532 0.106243 0.236865 0.323813 0.36489 0.368443 0.353011 0.335998 0.330272 0.34142 0.367864 0.405675 0.450061 0.495341 0.543971 0.602523 0.659408 0.694168 0.702712 0.68737 0.653462 0.607434 0.562744 0.520717 0.479338 0.440317 0.40594 0.376608 0.358487 0.35495 0.365225 0.382213 0.401632 0.422796 0.444115 0.464221 0.480366 0.490692 0.494433
0.168639 0.0958387 0.0705155 0.0421589 0.0256968 0.0163625 0.0154534 0.0243577 0.043216 0.0706745 0.0991596 0.125233 0.208304 0.338513 0.426484 0.458319 0.448744 0.416577 0.378389 0.353859 0.35065 0.369274 0.403325 0.445947 0.488879 0.531262 0.579222 0.627793 0.654448 0.658341 0.641936 0.609413 0.566062 0.520024 0.484094 0.452848 0.423889 0.399425 0.38021 0.366983 0.363947 0.373397 0.387681 0.404529 0.42269 0.440418 0.456838 0.469999 0.477847 0.479816
0.205568 0.138143 0.0877114 0.0506683 0.0268753 0.0126411 0.0112697 0.026336 0.0600983 0.112266 0.171992 0.247007 0.356281 0.482844 0.569938 0.58456 0.540834 0.475721 0.411811 0.365052 0.345818 0.356677 0.39048 0.435881 0.480769 0.523767 0.567316 0.608049 0.629274 0.629747 0.611475 0.578114 0.534768 0.487797 0.451433 0.427923 0.408388 0.39209 0.380669 0.375906 0.378761 0.387194 0.398438 0.412533 0.428339 0.444264 0.459114 0.470794 0.476372 0.475926
