src/mapping2d_qt/surfaces/2.grd
DSAA
50 50
-805.623 996.358
-964.713 991.396
0.11374 0.984869
[rows 0 to 34 of 50, columns 0 to 49 of 50]
0.646738 0.647337 0.649471 0.654642 0.662699 0.673581 0.687272 0.703756 0.722997 0.74493 0.769444 0.796348 0.824731 0.850454 0.844707 0.815678 0.783166 0.749192 0.714601 0.680086 0.64632 0.613993 0.583855 0.55679 0.534007 0.517478 0.510469 0.513031 0.521889 0.533817 0.546792 0.55979 0.572227 0.583706 0.593915 0.602581 0.609457 0.614307 0.616901 0.617286 0.617286 0.617286 0.617286 0.617286 0.617286 0.617286 0.617286 0.617286 0.617286 0.617286
0.656305 0.657056 0.658945 0.663517 0.670708 0.680558 0.69313 0.70847 0.726577 0.747402 0.770837 0.796678 0.82439 0.849613 0.843995 0.815005 0.782262 0.747959 0.712963 0.677958 0.643586 0.610485 0.579311 0.550774 0.525758 0.505802 0.495437 0.499926 0.512584 0.527137 0.541816 0.555988 0.56929 0.581442 0.592198 0.601325 0.608601 0.613806 0.616721 0.617286 0.617286 0.617286 0.617286 0.617286 0.617286 0.617286 0.617286 0.617286 0.617286 0.617286
0.666791 0.667701 0.668939 0.672397 0.67814 0.686336 0.69713 0.710592 0.726685 0.745253 0.765946 0.788014 0.809543 0.824522 0.82182 0.801662 0.773248 0.741263 0.70766 0.673547 0.639752 0.606986 0.575909 0.547158 0.521356 0.499136 0.481443 0.491746 0.508168 0.524256 0.539755 0.554444 0.568109 0.580536 0.591512 0.600823 0.608257 0.613601 0.616642 0.617286 0.617286 0.618075 0.620497 0.62311 0.624817 0.625014 0.623636 0.621158 0.618566 0.617286
0.677085 0.677678 0.677497 0.679249 0.68324 0.689722 0.698741 0.710087 0.723499 0.738987 0.755958 0.773241 0.788592 0.798089 0.796393 0.78194 0.758629 0.730326 0.6994 0.667337 0.635203 0.603865 0.574099 0.546666 0.522407 0.502643 0.491624 0.497047 0.510872 0.525994 0.540992 0.555368 0.568815 0.581077 0.591921 0.601123 0.608463 0.613724 0.616689 0.618766 0.62465 0.632857 0.641266 0.648117 0.652122 0.652555 0.649248 0.643019 0.63494 0.626502
0.684605 0.684833 0.682845 0.682227 0.683863 0.688245 0.695447 0.705174 0.716823 0.729505 0.74253 0.755287 0.765912 0.772091 0.770932 0.760076 0.741118 0.716762 0.689176 0.659961 0.63035 0.601369 0.573967 0.549135 0.528115 0.512929 0.506666 0.509558 0.519232 0.531837 0.545292 0.558634 0.571329 0.583012 0.593388 0.602196 0.609196 0.614178 0.621731 0.633556 0.648704 0.664948 0.679106 0.687321 0.689688 0.686888 0.679885 0.669855 0.658083 0.645833
0.689241 0.68928 0.685156 0.681334 0.680019 0.681956 0.687156 0.695165 0.705208 0.716242 0.726947 0.736013 0.743141 0.747071 0.746216 0.737963 0.722589 0.701989 0.677969 0.652063 0.625563 0.599611 0.5753 0.553802 0.536545 0.525462 0.521515 0.523407 0.530364 0.540434 0.551946 0.563824 0.575385 0.586158 0.595777 0.60394 0.610472 0.621956 0.640241 0.662521 0.687016 0.706426 0.718976 0.724705 0.72396 0.717478 0.706389 0.692126 0.676266 0.660339
0.690781 0.691163 0.684321 0.676231 0.671555 0.670997 0.674298 0.680763 0.689438 0.699167 0.708617 0.716299 0.721034 0.7234 0.722653 0.716494 0.704172 0.687045 0.666589 0.644199 0.621149 0.598627 0.577803 0.559918 0.546377 0.538734 0.535912 0.537277 0.542496 0.550501 0.560114 0.570381 0.580597 0.590234 0.598879 0.60619 0.618549 0.640972 0.670146 0.701324 0.726578 0.74481 0.755656 0.758963 0.754971 0.744454 0.728765 0.709702 0.689253 0.669303
0.687823 0.690582 0.678741 0.665929 0.658157 0.65554 0.657382 0.662734 0.670483 0.679401 0.688178 0.695464 0.699962 0.701333 0.700659 0.696158 0.686549 0.672635 0.655642 0.636812 0.617354 0.598446 0.581261 0.56702 0.557018 0.551823 0.549676 0.55071 0.554741 0.561128 0.569052 0.577737 0.586533 0.594909 0.602433 0.612569 0.635447 0.668703 0.706212 0.737635 0.762388 0.779826 0.789294 0.790333 0.782962 0.76796 0.746979 0.722354 0.696674 0.672304
0.674448 0.677763 0.663252 0.649138 0.639691 0.635966 0.637083 0.641945 0.64934 0.658008 0.666681 0.674256 0.679735 0.68201 0.681702 0.678451 0.671165 0.659908 0.645844 0.630261 0.614387 0.599123 0.585581 0.574911 0.568216 0.564305 0.562634 0.563437 0.566599 0.571704 0.57817 0.585381 0.592768 0.599836 0.606797 0.625618 0.658588 0.700804 0.738284 0.769576 0.794249 0.811407 0.820001 0.819079 0.808238 0.788164 0.760925 0.729686 0.697946 0.668732
0.649217 0.646492 0.636872 0.625654 0.616796 0.613081 0.614332 0.619417 0.627077 0.63624 0.646122 0.655339 0.662631 0.666982 0.667606 0.665184 0.659899 0.651001 0.639394 0.626278 0.612949 0.600764 0.590777 0.583569 0.579019 0.575928 0.574618 0.575247 0.577738 0.581802 0.58701 0.592876 0.598914 0.604673 0.615215 0.642851 0.685151 0.728262 0.765293 0.79671 0.821762 0.839304 0.847785 0.845767 0.83205 0.806395 0.771247 0.731331 0.69216 0.657714
0.619665 0.613645 0.60526 0.596858 0.590759 0.588163 0.590357 0.596358 0.605472 0.616761 0.628725 0.640006 0.649429 0.656043 0.65848 0.656767 0.652767 0.646042 0.636686 0.625836 0.614739 0.60471 0.597094 0.592468 0.588905 0.586483 0.58546 0.585951 0.587899 0.591094 0.59521 0.599855 0.60462 0.609263 0.626308 0.6618 0.708266 0.749918 0.7867 0.818379 0.844569 0.866021 0.879628 0.881116 0.866326 0.834021 0.78809 0.735914 0.685187 0.641347
0.588869 0.57993 0.57132 0.56485 0.561897 0.562631 0.566652 0.575026 0.586961 0.600856 0.615269 0.628918 0.640693 0.649688 0.654174 0.653342 0.650086 0.644979 0.637661 0.628854 0.619773 0.611702 0.605453 0.600609 0.597636 0.595778 0.594994 0.59537 0.596864 0.599316 0.602469 0.606005 0.609574 0.614885 0.637953 0.679903 0.725032 0.765573 0.801851 0.836669 0.870708 0.900104 0.918251 0.920656 0.902099 0.85982 0.798982 0.731867 0.670292 0.620694
0.558275 0.546063 0.536221 0.53103 0.531409 0.536452 0.545327 0.557591 0.572686 0.589449 0.60653 0.622728 0.636984 0.648348 0.654658 0.65502 0.652369 0.647932 0.642215 0.635209 0.627913 0.620871 0.61424 0.608768 0.605151 0.603631 0.603052 0.60333 0.604433 0.606235 0.608528 0.611049 0.613499 0.620565 0.648239 0.692726 0.735782 0.775041 0.815843 0.858731 0.897159 0.927557 0.947979 0.953376 0.933824 0.879518 0.797156 0.710009 0.636704 0.583362
0.529341 0.513069 0.500739 0.496368 0.500757 0.511329 0.526537 0.544433 0.563699 0.583461 0.603253 0.622051 0.638832 0.652331 0.660273 0.661907 0.659729 0.655684 0.650426 0.644513 0.637512 0.630003 0.622778 0.616579 0.61208 0.609876 0.609468 0.60966 0.610419 0.611641 0.613157 0.614742 0.616139 0.624882 0.65559 0.699892 0.741052 0.78488 0.832569 0.875436 0.911565 0.941238 0.96393 0.97592 0.962639 0.894009 0.7767 0.663004 0.580019 0.527975
0.504086 0.482812 0.465776 0.461775 0.472071 0.490007 0.511562 0.534807 0.558746 0.582629 0.605749 0.627366 0.646697 0.66193 0.67131 0.674099 0.672161 0.667894 0.661784 0.654449 0.646536 0.638421 0.630504 0.623515 0.618108 0.614851 0.614075 0.61419 0.61464 0.615338 0.616141 0.616857 0.617262 0.626971 0.660357 0.703406 0.747628 0.79776 0.843392 0.881678 0.913279 0.939098 0.96032 0.977862 0.984869 0.902068 0.720294 0.578473 0.496345 0.45548
0.485322 0.459328 0.433914 0.429333 0.450101 0.47534 0.502125 0.529688 0.557494 0.584995 0.611565 0.636468 0.65856 0.675549 0.686156 0.689475 0.687016 0.681625 0.674006 0.664976 0.655326 0.64575 0.636846 0.629043 0.622746 0.618489 0.616729 0.616753 0.616921 0.617137 0.61728 0.617286 0.617526 0.628644 0.663463 0.706678 0.757116 0.805672 0.845766 0.877718 0.901953 0.919064 0.92995 0.936113 0.938948 0.833563 0.589991 0.444269 0.388679 0.372253
0.475769 0.449144 0.422316 0.417853 0.442234 0.470157 0.499518 0.529707 0.560229 0.590547 0.620031 0.647867 0.672027 0.690716 0.702461 0.706044 0.702875 0.696046 0.686609 0.675664 0.664159 0.652856 0.642366 0.633193 0.625768 0.620474 0.617659 0.617286 0.617286 0.617286 0.617286 0.617643 0.619178 0.630417 0.664798 0.712393 0.764167 0.807239 0.840907 0.865107 0.879606 0.883738 0.875671 0.849894 0.786413 0.627934 0.380262 0.276498 0.278968 0.292245
0.475851 0.453277 0.435638 0.433249 0.449484 0.474732 0.503801 0.53481 0.566795 0.599031 0.630804 0.660587 0.686538 0.706994 0.719959 0.723594 0.719389 0.710638 0.698992 0.685916 0.672493 0.659503 0.647529 0.63704 0.628434 0.622067 0.618267 0.617286 0.617286 0.617286 0.617555 0.619241 0.622165 0.632325 0.666955 0.718954 0.766498 0.803837 0.830678 0.846524 0.850432 0.840474 0.812492 0.7574 0.656878 0.488469 0.270231 0.189646 0.206493 0.231369
0.483401 0.465645 0.453735 0.452514 0.464721 0.486454 0.513739 0.544243 0.5766 0.609868 0.642701 0.67357 0.701157 0.723622 0.738241 0.741869 0.736038 0.724615 0.710325 0.694997 0.679721 0.665198 0.651934 0.640336 0.630757 0.623521 0.618932 0.617287 0.617286 0.617351 0.618794 0.621866 0.626198 0.634764 0.670331 0.722582 0.765313 0.79705 0.817243 0.82508 0.819243 0.797373 0.755124 0.685056 0.577682 0.431893 0.281323 0.195956 0.179972 0.194864
0.49583 0.48195 0.473372 0.473021 0.483336 0.502389 0.527585 0.556861 0.588745 0.62163 0.654246 0.68556 0.71442 0.739171 0.756559 0.760614 0.751792 0.736649 0.719474 0.702047 0.685204 0.669464 0.655215 0.642792 0.632504 0.624667 0.619554 0.617376 0.617286 0.618042 0.62079 0.625221 0.630965 0.638615 0.674122 0.723525 0.761826 0.78845 0.802663 0.803529 0.789797 0.759616 0.710082 0.637055 0.536947 0.414099 0.292568 0.208232 0.173546 0.175889
0.511333 0.500363 0.493934 0.49422 0.503472 0.520567 0.543788 0.571301 0.601369 0.632721 0.664283 0.695105 0.724283 0.750797 0.772661 0.779242 0.763916 0.744558 0.72506 0.706196 0.688369 0.6719 0.657386 0.645301 0.635532 0.628045 0.622908 0.620308 0.61971 0.620715 0.623808 0.629022 0.63613 0.645274 0.677384 0.722657 0.757136 0.779419 0.788632 0.783829 0.764116 0.728696 0.676814 0.607624 0.519765 0.412421 0.298685 0.211399 0.168718 0.164884
0.528818 0.520057 0.515149 0.515836 0.524271 0.539591 0.560446 0.58538 0.613032 0.642198 0.671817 0.700943 0.728701 0.754232 0.776385 0.784896 0.766133 0.745822 0.725913 0.706818 0.689115 0.673954 0.661187 0.65057 0.641918 0.635144 0.630275 0.62748 0.626751 0.627763 0.630562 0.635253 0.641982 0.652842 0.68085 0.720698 0.752132 0.771052 0.776409 0.767183 0.742815 0.703611 0.650959 0.587413 0.51483 0.420549 0.293976 0.19871 0.157707 0.156567
0.546951 0.539975 0.536138 0.536768 0.54405 0.55741 0.575809 0.598062 0.622969 0.649388 0.676241 0.702479 0.726969 0.748182 0.763206 0.766977 0.756527 0.739915 0.721828 0.704584 0.689821 0.677377 0.666984 0.658364 0.651284 0.645599 0.641298 0.638535 0.637873 0.638646 0.640887 0.644795 0.650617 0.66102 0.686317 0.718153 0.747426 0.764123 0.766912 0.754394 0.725984 0.682742 0.627406 0.564451 0.501666 0.440671 0.252547 0.161568 0.139883 0.15087
0.563901 0.55839 0.555379 0.555777 0.561863 0.573318 0.58929 0.60877 0.630681 0.653928 0.677397 0.699908 0.720068 0.735937 0.745923 0.748162 0.741538 0.728984 0.71469 0.701878 0.69096 0.681897 0.674465 0.668369 0.66332 0.659111 0.655679 0.653219 0.652522 0.652752 0.654102 0.656891 0.66149 0.670507 0.693544 0.716524 0.743265 0.759 0.760782 0.746232 0.713976 0.665523 0.603753 0.531418 0.447634 0.321099 0.123252 0.11374 0.126487 0.152541
0.579162 0.574881 0.572548 0.572664 0.577461 0.586993 0.600522 0.617157 0.635905 0.65571 0.675441 0.693845 0.709441 0.720873 0.728152 0.729694 0.72503 0.716172 0.707162 0.699152 0.692549 0.687375 0.683418 0.680343 0.677783 0.675439 0.673172 0.67125 0.670166 0.66948 0.669531 0.670784 0.673754 0.680427 0.700445 0.719911 0.739435 0.755407 0.75819 0.743576 0.707135 0.651982 0.582769 0.499955 0.397481 0.260374 0.129402 0.115705 0.136858 0.169307
0.592335 0.589113 0.587355 0.587279 0.590676 0.598238 0.609296 0.623038 0.63854 0.654783 0.670653 0.684906 0.696318 0.705214 0.710741 0.711882 0.708587 0.704113 0.699986 0.696747 0.694715 0.693875 0.693784 0.694088 0.694472 0.694392 0.69358 0.692139 0.690296 0.688245 0.686505 0.685727 0.686582 0.690227 0.706295 0.722779 0.737854 0.751995 0.757659 0.746791 0.704097 0.642596 0.56918 0.483957 0.385545 0.278627 0.193996 0.164589 0.174329 0.203649
0.60306 0.60077 0.599511 0.599439 0.601401 0.606938 0.615502 0.626337 0.638578 0.651254 0.663298 0.673679 0.682693 0.689786 0.694085 0.69496 0.693808 0.693885 0.696135 0.699817 0.704214 0.708663 0.712575 0.714786 0.714667 0.71321 0.711572 0.710127 0.70812 0.705908 0.70357 0.700992 0.699199 0.69972 0.710483 0.723564 0.735311 0.746204 0.75281 0.744959 0.698477 0.636177 0.564625 0.484891 0.399551 0.317071 0.254511 0.225666 0.227948 0.251962
0.611001 0.609547 0.608733 0.608686 0.609565 0.613032 0.619092 0.627037 0.636054 0.645233 0.653861 0.662122 0.669429 0.675085 0.678465 0.679852 0.684665 0.692879 0.703102 0.714173 0.725095 0.733698 0.737612 0.737751 0.735074 0.730511 0.725088 0.718714 0.714319 0.712218 0.710759 0.709948 0.709381 0.708308 0.712615 0.721926 0.729652 0.735688 0.737716 0.725751 0.687512 0.632581 0.568112 0.497924 0.426585 0.361682 0.313292 0.288871 0.288926 0.309361
0.61584 0.615146 0.614734 0.614709 0.61508 0.61649 0.620052 0.625147 0.631057 0.63763 0.64451 0.651153 0.65699 0.66147 0.665661 0.673256 0.686018 0.702284 0.720355 0.738659 0.752274 0.759631 0.761749 0.759719 0.754527 0.746952 0.737148 0.724673 0.713459 0.706813 0.70559 0.706358 0.708359 0.710599 0.712538 0.718001 0.721567 0.722099 0.717793 0.703949 0.676383 0.632959 0.578327 0.518908 0.46036 0.408917 0.37127 0.352262 0.352844 0.369573
0.617286 0.617274 0.61723 0.617227 0.617269 0.617311 0.61859 0.621526 0.625705 0.630688 0.63601 0.641189 0.645744 0.651143 0.661006 0.67593 0.696579 0.720816 0.746453 0.766647 0.779174 0.784834 0.784768 0.780302 0.772604 0.762115 0.747222 0.728047 0.708884 0.694737 0.688723 0.690776 0.695512 0.701288 0.706425 0.711824 0.711849 0.707703 0.698926 0.683753 0.658707 0.624913 0.584508 0.538831 0.493008 0.452646 0.422758 0.406585 0.404758 0.415494
0.617286 0.617286 0.617286 0.617286 0.617286 0.617286 0.617402 0.618784 0.621409 0.624866 0.628731 0.632579 0.63726 0.648074 0.664045 0.686472 0.714943 0.747078 0.775257 0.794779 0.805867 0.809257 0.806282 0.798735 0.788334 0.774488 0.754786 0.728011 0.699257 0.676683 0.664321 0.663814 0.671777 0.681596 0.69116 0.698697 0.701081 0.693702 0.68232 0.667025 0.644244 0.614483 0.579863 0.543133 0.50745 0.476199 0.452497 0.438782 0.435801 0.442838
0.617286 0.617286 0.617286 0.617286 0.617286 0.617286 0.617286 0.617395 0.618505 0.620502 0.623002 0.625846 0.634853 0.651362 0.673653 0.703433 0.739637 0.776345 0.804527 0.823481 0.833063 0.833633 0.826591 0.814395 0.799152 0.781982 0.759147 0.722749 0.682028 0.650575 0.632629 0.628797 0.638292 0.652988 0.667651 0.679838 0.686157 0.680584 0.668214 0.653546 0.633192 0.607159 0.577201 0.545604 0.515032 0.488365 0.46844 0.457507 0.456469 0.464651
0.617286 0.617286 0.617286 0.617286 0.617286 0.617286 0.617286 0.617286 0.617302 0.617903 0.619121 0.623667 0.637745 0.659016 0.685792 0.720798 0.762519 0.80038 0.830604 0.851581 0.861791 0.860363 0.84779 0.827203 0.803203 0.780794 0.760157 0.706794 0.652286 0.613761 0.592509 0.587433 0.597059 0.617206 0.637779 0.655556 0.666694 0.667436 0.656433 0.643058 0.625268 0.602754 0.57699 0.549853 0.523529 0.500474 0.483439 0.475168 0.476872 0.487259
0.617286 0.617286 0.617286 0.617286 0.617286 0.617286 0.617286 0.617286 0.617286 0.617286 0.617609 0.624971 0.640126 0.662553 0.691933 0.731413 0.776518 0.81669 0.849902 0.873764 0.885655 0.883229 0.8657 0.835176 0.796785 0.759402 0.724105 0.663708 0.604948 0.564381 0.543663 0.54022 0.55186 0.576365 0.603639 0.627523 0.644222 0.651815 0.646775 0.635299 0.620191 0.601079 0.579208 0.556096 0.533466 0.513255 0.498029 0.491937 0.497549 0.511292
0.617794 0.617791 0.617667 0.617473 0.617311 0.617286 0.617286 0.617286 0.617286 0.617265 0.616405 0.622523 0.63699 0.659846 0.691557 0.735841 0.782551 0.825628 0.862813 0.890582 0.904489 0.900219 0.875785 0.83339 0.778803 0.718351 0.657354 0.59528 0.541376 0.504826 0.487577 0.488739 0.504622 0.533095 0.567567 0.597922 0.620477 0.63376 0.637051 0.630003 0.617691 0.601949 0.583846 0.564623 0.545608 0.528129 0.513682 0.507864 0.520243 0.538115
