src/mapping2d_qt/surfaces/3.grd
DSAA
50 50
-886.557 888.7
-986.398 1002.2
0.129499 0.979475
[rows 0 to 34 of 50, columns 0 to 49 of 50]
0.673677 0.673667 0.673182 0.672333 0.671337 0.670973 0.673205 0.677805 0.684252 0.692352 0.701732 0.704963 0.698967 0.684801 0.663596 0.636561 0.604636 0.560649 0.500995 0.443849 0.395733 0.363119 0.350307 0.357583 0.381029 0.415101 0.454904 0.496826 0.538343 0.577687 0.612328 0.640019 0.659659 0.669364 0.670162 0.670162 0.670162 0.670162 0.670162 0.669857 0.668938 0.667523 0.665739 0.66373 0.661651 0.659671 0.657966 0.656705 0.656028 0.656015
0.680164 0.680147 0.679268 0.67766 0.675578 0.673851 0.674496 0.677939 0.684238 0.692334 0.700853 0.701041 0.691721 0.67387 0.648514 0.616705 0.579126 0.528508 0.461382 0.396029 0.340396 0.302588 0.290475 0.304777 0.338041 0.381596 0.429359 0.477596 0.524 0.567073 0.604531 0.634333 0.655701 0.667934 0.670162 0.670162 0.670162 0.670162 0.670084 0.669386 0.668051 0.666198 0.663956 0.661472 0.658911 0.656463 0.654338 0.652751 0.651892 0.651875
0.689665 0.689639 0.688323 0.68588 0.682616 0.679327 0.678119 0.679532 0.683906 0.691409 0.698563 0.696105 0.683785 0.662422 0.632742 0.595156 0.548903 0.490761 0.422224 0.351857 0.287561 0.241281 0.229925 0.255745 0.302338 0.356629 0.412286 0.466197 0.516631 0.562517 0.601755 0.63269 0.65472 0.66729 0.670162 0.670162 0.670162 0.670162 0.669857 0.668794 0.66707 0.664798 0.662105 0.659138 0.656067 0.653099 0.650481 0.648493 0.647401 0.64738
0.701911 0.701876 0.700068 0.696692 0.692125 0.687086 0.683753 0.682873 0.684829 0.689982 0.695413 0.690842 0.676064 0.651736 0.618332 0.575918 0.523835 0.461923 0.392342 0.318301 0.244593 0.182557 0.17064 0.217259 0.27994 0.344293 0.406346 0.464365 0.517381 0.564738 0.604456 0.635368 0.65703 0.669001 0.670914 0.670162 0.670162 0.670146 0.669548 0.668161 0.666085 0.663426 0.660305 0.656861 0.653262 0.649723 0.646524 0.644025 0.642618 0.64259
0.716636 0.716589 0.714215 0.709777 0.703753 0.696817 0.691084 0.687659 0.686972 0.689402 0.691987 0.685876 0.669404 0.643038 0.60716 0.561862 0.50737 0.445593 0.377142 0.30339 0.226044 0.146607 0.129499 0.205242 0.278745 0.3486 0.41374 0.473376 0.526991 0.574092 0.612785 0.642384 0.662565 0.672968 0.673234 0.670504 0.670162 0.67007 0.669222 0.667562 0.665183 0.662186 0.65868 0.654791 0.650671 0.646526 0.642648 0.639478 0.637612 0.637574
0.73357 0.733511 0.730465 0.724793 0.717115 0.708194 0.69979 0.693594 0.690081 0.689645 0.689581 0.68168 0.664443 0.637194 0.600375 0.554311 0.501233 0.442502 0.378742 0.311504 0.243879 0.185752 0.179378 0.23475 0.303358 0.371425 0.435353 0.493636 0.545591 0.590448 0.626508 0.653448 0.671009 0.678872 0.676728 0.672002 0.670169 0.669973 0.668933 0.667061 0.664445 0.661178 0.657355 0.653085 0.648496 0.643756 0.639125 0.63507 0.63247 0.632415
0.752443 0.752367 0.748503 0.741357 0.731773 0.720721 0.709529 0.700372 0.693906 0.690533 0.688324 0.678809 0.66151 0.634597 0.598363 0.554058 0.504876 0.45168 0.395748 0.339648 0.288632 0.254281 0.25505 0.293222 0.349956 0.411138 0.470276 0.524988 0.574562 0.615998 0.64745 0.66903 0.681795 0.686179 0.680983 0.674346 0.670705 0.669892 0.668725 0.666712 0.663937 0.660484 0.65644 0.651896 0.646952 0.641725 0.636383 0.631261 0.627366 0.627271
0.772979 0.772882 0.767973 0.759017 0.747203 0.733783 0.719912 0.707664 0.698182 0.691754 0.68755 0.677221 0.660056 0.634657 0.600492 0.56031 0.516759 0.470814 0.424396 0.380748 0.345286 0.326321 0.332205 0.363238 0.410568 0.467922 0.526268 0.58088 0.629082 0.667907 0.695768 0.711394 0.713445 0.70346 0.687439 0.677484 0.67207 0.669927 0.668629 0.666551 0.663703 0.660166 0.65602 0.651347 0.646229 0.640749 0.634994 0.629064 0.623195 0.622981
0.794894 0.794768 0.788452 0.777199 0.762753 0.746726 0.730396 0.714886 0.701995 0.692327 0.686001 0.675787 0.659287 0.63635 0.605589 0.570876 0.534108 0.496586 0.460322 0.428426 0.405647 0.397451 0.407935 0.437357 0.48251 0.535695 0.589953 0.640812 0.685199 0.720947 0.746539 0.760372 0.760874 0.746626 0.71852 0.690261 0.674655 0.670808 0.669084 0.666717 0.663767 0.660252 0.656134 0.651496 0.646426 0.641017 0.635382 0.629706 0.624676 0.624528
0.81788 0.81771 0.809362 0.795104 0.777574 0.758716 0.739521 0.721007 0.704775 0.692032 0.683139 0.673916 0.65901 0.639077 0.612815 0.584142 0.55457 0.525556 0.499125 0.478009 0.465572 0.465445 0.477431 0.507405 0.551306 0.602199 0.652948 0.699301 0.73911 0.771276 0.79418 0.805861 0.804422 0.78824 0.760647 0.728149 0.693425 0.6736 0.670366 0.667703 0.664427 0.660751 0.656772 0.652329 0.647517 0.642475 0.637416 0.632757 0.629507 0.629434
0.841564 0.841317 0.829751 0.811522 0.790475 0.768295 0.746257 0.725343 0.706382 0.690824 0.679377 0.670909 0.658482 0.642073 0.620952 0.59854 0.576162 0.555278 0.53776 0.525901 0.52173 0.520882 0.536123 0.567936 0.613064 0.664423 0.712615 0.75326 0.787912 0.816491 0.836895 0.846527 0.843056 0.825067 0.798976 0.767665 0.731565 0.693163 0.672977 0.669463 0.665923 0.661987 0.657896 0.653754 0.649355 0.64486 0.640553 0.636903 0.634662 0.634615
0.865281 0.864868 0.84766 0.82453 0.799601 0.774429 0.750023 0.727149 0.706485 0.688712 0.675043 0.666011 0.656845 0.644485 0.628786 0.612602 0.597136 0.583753 0.574085 0.569922 0.562091 0.564655 0.582244 0.615695 0.663503 0.719524 0.765393 0.798091 0.827828 0.853931 0.872857 0.881066 0.875759 0.857791 0.833387 0.803295 0.768132 0.728489 0.688788 0.67186 0.668104 0.663972 0.659726 0.655639 0.651732 0.647846 0.644269 0.641406 0.639759 0.639726
0.885912 0.884996 0.858715 0.831193 0.803507 0.776363 0.750379 0.72616 0.70432 0.685481 0.670266 0.659642 0.653233 0.64543 0.635185 0.625022 0.616031 0.60941 0.606518 0.599218 0.591131 0.595551 0.613918 0.647103 0.695619 0.758175 0.80175 0.826435 0.854625 0.881087 0.900502 0.908393 0.902094 0.886458 0.863789 0.834883 0.800624 0.761845 0.71869 0.680829 0.670798 0.666515 0.662167 0.658044 0.654437 0.651146 0.648206 0.64594 0.64468 0.644655
0.881796 0.881056 0.856887 0.829405 0.801373 0.773729 0.747163 0.72232 0.699848 0.680412 0.664687 0.653329 0.646985 0.644028 0.639134 0.634693 0.631674 0.631062 0.631284 0.616267 0.6091 0.613222 0.629942 0.659636 0.70256 0.754895 0.798587 0.831748 0.865251 0.896299 0.918885 0.927822 0.924062 0.911126 0.890076 0.862228 0.82881 0.790856 0.74886 0.700808 0.674068 0.669409 0.664996 0.660869 0.657333 0.654537 0.652138 0.650332 0.649347 0.649327
0.859609 0.859252 0.843181 0.819639 0.793486 0.766755 0.740585 0.715829 0.693258 0.67363 0.657718 0.64629 0.640044 0.639334 0.639753 0.64071 0.64316 0.647849 0.640703 0.624325 0.61629 0.61785 0.629962 0.653081 0.687135 0.729242 0.772687 0.815593 0.859204 0.899212 0.927924 0.941542 0.942374 0.931824 0.912043 0.885033 0.852385 0.815305 0.774406 0.726414 0.682888 0.672437 0.667986 0.663875 0.6604 0.657851 0.655912 0.654471 0.653695 0.65368
0.835796 0.835501 0.823814 0.804444 0.781136 0.756234 0.731212 0.707142 0.684935 0.665462 0.649621 0.638338 0.632487 0.63231 0.635332 0.6417 0.649314 0.657219 0.640619 0.623137 0.612382 0.609382 0.61493 0.629777 0.654225 0.687975 0.73014 0.780542 0.836959 0.890475 0.930483 0.952677 0.957378 0.948329 0.929249 0.902837 0.870952 0.834889 0.794997 0.748213 0.696586 0.675377 0.670917 0.666843 0.663437 0.660976 0.659412 0.658272 0.657662 0.65765
0.812239 0.811811 0.802541 0.786414 0.765966 0.743271 0.719861 0.696918 0.675446 0.656403 0.640802 0.629775 0.624485 0.624919 0.628158 0.636188 0.648311 0.654091 0.632147 0.612613 0.598083 0.589336 0.587026 0.59233 0.606175 0.63043 0.668734 0.724881 0.797587 0.874027 0.932487 0.962425 0.968796 0.9598 0.940853 0.914967 0.884017 0.849278 0.810438 0.764785 0.711866 0.67849 0.673577 0.669572 0.666253 0.663874 0.662546 0.661661 0.661188 0.661179
0.789482 0.788851 0.781072 0.767366 0.749459 0.729019 0.707457 0.685946 0.665506 0.647115 0.631842 0.621025 0.616317 0.617304 0.621307 0.629178 0.641433 0.640729 0.61602 0.59384 0.574891 0.559695 0.548772 0.54342 0.544888 0.556326 0.585191 0.643765 0.741236 0.856157 0.937682 0.970659 0.974602 0.964313 0.945537 0.920567 0.891041 0.858171 0.820453 0.776054 0.724818 0.682818 0.675769 0.671877 0.668681 0.666408 0.665235 0.664571 0.664215 0.664208
0.767874 0.767052 0.760317 0.748488 0.732784 0.714521 0.69492 0.675069 0.655935 0.638441 0.623583 0.612743 0.608179 0.609719 0.615285 0.623281 0.634957 0.62515 0.595697 0.56899 0.544746 0.522735 0.503007 0.486567 0.474521 0.470214 0.483029 0.53322 0.656864 0.841378 0.94939 0.971967 0.969405 0.958707 0.941741 0.918755 0.891541 0.861053 0.824845 0.782129 0.73267 0.686671 0.677316 0.673598 0.670572 0.668445 0.667405 0.666937 0.666683 0.666678
0.747709 0.74677 0.740866 0.730585 0.716833 0.700652 0.683082 0.665096 0.647582 0.631363 0.617249 0.606231 0.600002 0.602923 0.610851 0.619504 0.630004 0.613348 0.579042 0.546843 0.51636 0.487184 0.459146 0.432772 0.408225 0.386906 0.374462 0.387537 0.499714 0.838198 0.950638 0.947888 0.944435 0.93951 0.928372 0.908773 0.885235 0.857558 0.823615 0.783119 0.735803 0.688791 0.678065 0.674598 0.671805 0.669876 0.668991 0.668698 0.668536 0.668533
0.729277 0.728319 0.723155 0.71424 0.702279 0.688118 0.672645 0.656732 0.6412 0.626818 0.614303 0.604243 0.595239 0.600328 0.609563 0.618632 0.627489 0.606785 0.567829 0.530568 0.494535 0.459205 0.424236 0.389791 0.355247 0.320118 0.284918 0.248802 0.210706 0.632952 0.837341 0.876454 0.894325 0.904037 0.903738 0.88994 0.871999 0.847897 0.817072 0.779353 0.734549 0.688822 0.678194 0.67481 0.672277 0.670607 0.669925 0.669793 0.669714 0.669712
0.712858 0.711983 0.707538 0.699897 0.689637 0.677466 0.664161 0.650517 0.637327 0.625384 0.615539 0.607775 0.602809 0.605071 0.612111 0.620287 0.628285 0.606472 0.5632 0.521491 0.480851 0.440746 0.400809 0.361218 0.321387 0.280983 0.241426 0.208438 0.234326 0.464462 0.677548 0.778039 0.827448 0.854146 0.865174 0.863354 0.852243 0.832904 0.805903 0.771399 0.729385 0.686815 0.677964 0.674649 0.672181 0.670655 0.670162 0.670162 0.67016 0.67016
0.698711 0.698017 0.694306 0.687903 0.679299 0.66911 0.658032 0.646811 0.636233 0.627144 0.619963 0.614073 0.611001 0.612308 0.617248 0.623963 0.631275 0.612784 0.565918 0.520486 0.476296 0.432919 0.390119 0.348458 0.30815 0.270619 0.241312 0.234655 0.288126 0.428157 0.583731 0.69354 0.761319 0.802173 0.824663 0.832476 0.828165 0.814011 0.79113 0.760032 0.720927 0.683523 0.677397 0.674253 0.671936 0.670544 0.670162 0.670162 0.670162 0.670162
0.687105 0.686652 0.68371 0.678537 0.671569 0.663357 0.654541 0.645829 0.637999 0.631495 0.625671 0.621193 0.619058 0.619946 0.623554 0.62892 0.635149 0.623679 0.576371 0.527972 0.481253 0.435968 0.392115 0.350736 0.313038 0.282063 0.26486 0.273854 0.3263 0.424656 0.538873 0.636504 0.707978 0.756669 0.786673 0.800933 0.80233 0.792916 0.773954 0.746151 0.709875 0.680358 0.676542 0.673661 0.671577 0.670397 0.670162 0.670162 0.670162 0.670162
0.678309 0.6781 0.675967 0.672029 0.666685 0.66044 0.653888 0.647703 0.642072 0.636653 0.631908 0.628436 0.626851 0.627504 0.630244 0.634528 0.639728 0.635983 0.593447 0.543906 0.495584 0.449446 0.405807 0.365984 0.331944 0.307492 0.29875 0.313708 0.359449 0.4337 0.521025 0.603338 0.670732 0.720357 0.753228 0.7714 0.776857 0.7712 0.75556 0.730665 0.696945 0.678659 0.675476 0.672934 0.671155 0.670253 0.670162 0.670162 0.670162 0.670162
0.67259 0.672553 0.671268 0.668574 0.664842 0.66054 0.656107 0.651395 0.646609 0.642088 0.638237 0.635503 0.634283 0.634783 0.636917 0.64035 0.64464 0.646963 0.615454 0.566118 0.518268 0.472473 0.429747 0.391843 0.361223 0.341684 0.337582 0.3535 0.392045 0.45034 0.519293 0.587473 0.646611 0.692944 0.72568 0.745419 0.753212 0.75011 0.736967 0.7144 0.684769 0.677032 0.674289 0.672146 0.670732 0.670167 0.670162 0.670162 0.670162 0.670162
0.670214 0.670213 0.669787 0.668321 0.66594 0.662819 0.659165 0.655209 0.651219 0.6475 0.644387 0.642217 0.641261 0.641652 0.643335 0.646087 0.649591 0.653506 0.638916 0.592984 0.546212 0.502066 0.461501 0.42593 0.398222 0.381837 0.379661 0.394145 0.425867 0.472055 0.526598 0.582108 0.632412 0.673698 0.704249 0.723676 0.732256 0.730507 0.718956 0.698038 0.678053 0.67535 0.673084 0.671383 0.67038 0.670162 0.670162 0.670162 0.670162 0.670162
0.670162 0.670162 0.670108 0.669262 0.667524 0.665082 0.662138 0.658919 0.655671 0.652662 0.650169 0.648448 0.647696 0.648003 0.649333 0.651528 0.654351 0.657531 0.656391 0.623616 0.578093 0.53562 0.497148 0.463966 0.438776 0.424275 0.422301 0.434061 0.459309 0.495699 0.538944 0.583886 0.625835 0.661385 0.688513 0.706269 0.714373 0.712901 0.702064 0.682463 0.675891 0.673734 0.671965 0.670736 0.670181 0.670162 0.670162 0.670162 0.670162 0.670162
0.670162 0.670162 0.670162 0.669918 0.668847 0.667093 0.664853 0.662339 0.659777 0.657401 0.655437 0.654087 0.653499 0.653739 0.65478 0.656506 0.658734 0.661246 0.663809 0.6522 0.612875 0.571939 0.535204 0.504135 0.480749 0.46699 0.464176 0.472805 0.492285 0.520655 0.554739 0.590749 0.625057 0.654743 0.677781 0.692949 0.699615 0.69752 0.686606 0.675797 0.673937 0.672299 0.671038 0.670299 0.670162 0.670162 0.670162 0.670162 0.670162 0.670162
0.670162 0.670162 0.670162 0.670162 0.66977 0.668702 0.667149 0.665307 0.663379 0.661569 0.660065 0.659031 0.65858 0.658764 0.659562 0.660884 0.662586 0.664489 0.666392 0.667345 0.648065 0.609987 0.574732 0.545469 0.523385 0.509619 0.505343 0.510713 0.525011 0.546589 0.572988 0.601315 0.628696 0.652655 0.671293 0.683294 0.687822 0.684387 0.675152 0.673648 0.672288 0.671158 0.670404 0.670162 0.670162 0.670162 0.670162 0.670162 0.670162 0.670162
0.670162 0.670162 0.670162 0.670162 0.670158 0.669769 0.668882 0.667676 0.666337 0.665039 0.663944 0.663185 0.662853 0.662988 0.663575 0.664542 0.665772 0.667115 0.668399 0.669444 0.668177 0.648005 0.615241 0.587282 0.565941 0.551948 0.545867 0.547982 0.557575 0.573241 0.593018 0.614614 0.635704 0.654184 0.668325 0.676814 0.678714 0.674041 0.672933 0.671934 0.671049 0.670413 0.670162 0.670162 0.670162 0.670162 0.670162 0.670162 0.670162 0.670162
0.670162 0.670162 0.670162 0.670162 0.670162 0.670162 0.669917 0.669317 0.668525 0.667697 0.666969 0.666454 0.666227 0.66632 0.66672 0.667369 0.66817 0.668996 0.669697 0.670113 0.670162 0.668904 0.654115 0.62906 0.60801 0.593496 0.585754 0.58471 0.589983 0.600396 0.614335 0.629936 0.645276 0.658558 0.668225 0.673014 0.672526 0.671966 0.67134 0.670753 0.67032 0.670162 0.670162 0.670162 0.670162 0.670162 0.670162 0.670162 0.670162 0.670162
0.670162 0.670162 0.670162 0.670162 0.670162 0.670162 0.670162 0.670107 0.669829 0.669434 0.669042 0.668748 0.668614 0.668669 0.668901 0.669262 0.669669 0.670012 0.670162 0.670162 0.670162 0.670162 0.670149 0.663745 0.6492 0.633991 0.624574 0.620832 0.622194 0.627855 0.636553 0.646735 0.656782 0.665141 0.670415 0.671229 0.670995 0.670693 0.670396 0.670195 0.670162 0.670162 0.670162 0.670162 0.670162 0.670162 0.670162 0.670162 0.670162 0.670162
0.670162 0.670162 0.670162 0.670162 0.670162 0.670162 0.670162 0.670162 0.670162 0.670149 0.670067 0.669975 0.669927 0.669947 0.670025 0.67012 0.670162 0.670162 0.670162 0.670162 0.670162 0.670162 0.670162 0.670162 0.670056 0.666582 0.660849 0.655807 0.653844 0.655382 0.659356 0.664575 0.669321 0.670343 0.670352 0.670309 0.670235 0.670171 0.670162 0.670162 0.670162 0.670162 0.670162 0.670162 0.670162 0.670162 0.670162 0.670162 0.670162 0.670162
0.670162 0.670162 0.670162 0.670162 0.670162 0.670162 0.670162 0.670162 0.670162 0.670162 0.670162 0.670162 0.670162 0.670162 0.670162 0.670162 0.670162 0.670162 0.670162 0.670162 0.670162 0.670162 0.670162 0.670162 0.670162 0.670162 0.670162 0.670162 0.670162 0.670162 0.670162 0.670162 0.670162 0.670162 0.670162 0.670162 0.670162 0.670162 0.670162 0.670162 0.670162 0.670162 0.670162 0.670162 0.670162 0.670162 0.670162 0.670162 0.670162 0.670162
