src/mapping2d_qt/surfaces/4.grd
DSAA
50 50
-983.505 901.784
-901.635 1011.22
0.0755708 0.969182
[rows 0 to 34 of 50, columns 0 to 49 of 50]
0.449131 0.452685 0.46727 0.492164 0.526133 0.567479 0.614104 0.663547 0.712926 0.758733 0.796488 0.820629 0.826157 0.815294 0.792035 0.761067 0.726379 0.690782 0.656231 0.624596 0.59704 0.574173 0.556568 0.544812 0.539547 0.538932 0.538091 0.536719 0.533173 0.527776 0.52094 0.512579 0.503117 0.493057 0.482993 0.473623 0.465946 0.464204 0.470047 0.48344 0.503851 0.530308 0.561508 0.59627 0.633586 0.672411 0.711614 0.749844 0.784203 0.788845
0.414122 0.418056 0.434545 0.462934 0.501912 0.549617 0.603803 0.661957 0.721275 0.778382 0.828571 0.864394 0.875978 0.860563 0.82938 0.790942 0.750137 0.71006 0.673053 0.639866 0.611 0.586886 0.567954 0.554689 0.547664 0.546133 0.5445 0.541197 0.535003 0.526612 0.516806 0.506412 0.495276 0.483379 0.471325 0.459881 0.450215 0.446884 0.451943 0.465213 0.485688 0.512529 0.544586 0.5807 0.619777 0.660741 0.70243 0.743363 0.779931 0.786571
0.374417 0.377752 0.39542 0.426836 0.470493 0.524205 0.585448 0.651611 0.720078 0.788071 0.851922 0.904083 0.924746 0.901672 0.85936 0.81317 0.768036 0.726254 0.688378 0.654734 0.625568 0.601122 0.581684 0.567631 0.559472 0.556981 0.554419 0.548948 0.540174 0.52886 0.515831 0.501951 0.488128 0.474443 0.460342 0.44658 0.434362 0.42813 0.42971 0.440353 0.459826 0.486592 0.518942 0.555463 0.594922 0.63602 0.677056 0.715179 0.744269 0.753893
0.33064 0.332158 0.350189 0.384215 0.432302 0.491624 0.559124 0.631927 0.707469 0.783481 0.857886 0.928445 0.969182 0.925728 0.874237 0.824596 0.779027 0.737673 0.700627 0.667956 0.639726 0.616026 0.597019 0.582982 0.574363 0.57111 0.567366 0.559783 0.548506 0.534371 0.518254 0.50105 0.483662 0.467016 0.450977 0.434804 0.418648 0.405548 0.401274 0.408984 0.427791 0.454442 0.486511 0.522493 0.561148 0.601029 0.640087 0.675166 0.701576 0.714456
0.283756 0.28188 0.29939 0.335863 0.38844 0.453095 0.525903 0.603518 0.683123 0.762161 0.837762 0.904161 0.936382 0.912583 0.8686 0.82335 0.781274 0.743001 0.708774 0.678685 0.652753 0.630982 0.613425 0.600262 0.591878 0.588148 0.583063 0.573428 0.559726 0.542897 0.523888 0.503633 0.483035 0.462959 0.444268 0.424888 0.402428 0.380629 0.36789 0.373106 0.392506 0.418872 0.449772 0.484165 0.521053 0.559044 0.596101 0.629417 0.65562 0.671769
0.235325 0.227813 0.243856 0.283255 0.341026 0.410996 0.488136 0.568654 0.6494 0.72717 0.797617 0.852948 0.880281 0.873973 0.846092 0.810123 0.77483 0.742017 0.712471 0.686521 0.66425 0.645621 0.630577 0.619172 0.611714 0.607709 0.601167 0.589497 0.573432 0.554049 0.532384 0.50936 0.485926 0.462977 0.440606 0.416412 0.388792 0.358931 0.332035 0.33844 0.358979 0.383352 0.411388 0.442873 0.477132 0.512912 0.548321 0.580917 0.608038 0.627424
0.188168 0.171321 0.184803 0.229161 0.293793 0.36911 0.449421 0.531002 0.610709 0.685139 0.749862 0.798819 0.82548 0.828968 0.814171 0.788388 0.761317 0.735444 0.711966 0.691456 0.674093 0.659793 0.648342 0.639594 0.633716 0.629377 0.621216 0.607458 0.589052 0.567172 0.542949 0.517485 0.491785 0.466618 0.439668 0.411092 0.380952 0.349098 0.323336 0.320115 0.332254 0.350512 0.373438 0.400594 0.431414 0.464803 0.498943 0.531539 0.56018 0.582777
0.148358 0.115282 0.124391 0.179705 0.252997 0.332572 0.414112 0.494765 0.571799 0.642105 0.701937 0.747031 0.773952 0.783935 0.778487 0.761758 0.742884 0.724479 0.707852 0.693716 0.682309 0.673465 0.666722 0.661564 0.657866 0.652684 0.642578 0.62656 0.60563 0.581256 0.554771 0.527338 0.500002 0.472105 0.441465 0.409749 0.378617 0.348006 0.322884 0.311106 0.311829 0.321054 0.336833 0.358473 0.385341 0.416298 0.449579 0.482764 0.51335 0.539157
0.129111 0.0755708 0.0758641 0.149703 0.227363 0.306881 0.386359 0.463708 0.536554 0.602179 0.657545 0.699573 0.726919 0.741087 0.742176 0.732833 0.721427 0.710338 0.700795 0.693557 0.6889 0.686571 0.685747 0.685233 0.683906 0.677047 0.66435 0.645598 0.622014 0.595337 0.566961 0.538061 0.509562 0.478736 0.44546 0.411646 0.379538 0.349283 0.322675 0.303826 0.294844 0.294501 0.301974 0.31711 0.339683 0.368562 0.401572 0.435985 0.468914 0.497943
0.143469 0.101746 0.103803 0.155426 0.223015 0.295527 0.368901 0.440414 0.507573 0.567837 0.61863 0.657552 0.684834 0.701417 0.706856 0.703284 0.698374 0.69403 0.691343 0.691091 0.693635 0.698744 0.705248 0.710799 0.711089 0.701598 0.685032 0.663104 0.636923 0.608271 0.578478 0.548663 0.518918 0.485968 0.450913 0.415646 0.382328 0.351512 0.322939 0.298443 0.280703 0.270831 0.269237 0.277001 0.29502 0.322459 0.356289 0.392739 0.428411 0.460616
0.183802 0.156096 0.156593 0.188442 0.239388 0.299287 0.362622 0.426003 0.486184 0.540362 0.586185 0.621651 0.647955 0.665427 0.673392 0.674224 0.67477 0.676339 0.67989 0.686222 0.69587 0.708896 0.724282 0.738041 0.738838 0.724583 0.702559 0.677177 0.648813 0.618793 0.588233 0.55813 0.527402 0.493235 0.45718 0.421027 0.386702 0.354907 0.324206 0.295769 0.270629 0.251209 0.239612 0.238701 0.25189 0.279129 0.315457 0.354978 0.393657 0.428788
0.236105 0.216833 0.214843 0.234373 0.270653 0.317065 0.368496 0.421306 0.472748 0.520199 0.560591 0.592123 0.61638 0.633375 0.642271 0.646504 0.651458 0.657943 0.666785 0.678774 0.694608 0.714822 0.739524 0.76379 0.765466 0.741773 0.713836 0.685494 0.656071 0.625691 0.595225 0.565551 0.534505 0.500051 0.463796 0.427423 0.392639 0.360076 0.32767 0.296068 0.265987 0.238264 0.215544 0.203308 0.210886 0.240747 0.281928 0.325351 0.36678 0.404137
0.293523 0.279315 0.276868 0.287464 0.311662 0.345515 0.38501 0.426842 0.468353 0.50738 0.541822 0.568883 0.59009 0.605384 0.613965 0.620911 0.629254 0.639582 0.65256 0.668866 0.689154 0.714015 0.742425 0.770217 0.772475 0.744595 0.715221 0.686155 0.657443 0.62806 0.598705 0.570222 0.539829 0.506044 0.470446 0.43465 0.400228 0.367609 0.334401 0.300915 0.267538 0.234563 0.202583 0.174712 0.173277 0.213102 0.260738 0.307158 0.349995 0.388211
0.352862 0.342014 0.339421 0.345402 0.359553 0.382056 0.410185 0.441196 0.472726 0.502779 0.529702 0.551737 0.569006 0.581522 0.589445 0.598286 0.609071 0.622199 0.638135 0.657338 0.680167 0.705467 0.729382 0.747059 0.747864 0.73064 0.706015 0.679323 0.652507 0.625516 0.598295 0.571772 0.54312 0.510963 0.476898 0.44256 0.409502 0.377833 0.345074 0.311453 0.277255 0.242671 0.207891 0.173728 0.164862 0.210635 0.258153 0.303405 0.344973 0.382365
0.412221 0.403796 0.400887 0.403818 0.412123 0.424894 0.442358 0.462961 0.484705 0.505827 0.524821 0.540458 0.553029 0.561846 0.569571 0.579576 0.591978 0.606994 0.624879 0.645829 0.668185 0.689692 0.708136 0.719755 0.720038 0.708554 0.689408 0.666554 0.642377 0.618243 0.59401 0.570148 0.54427 0.514662 0.482963 0.450938 0.420313 0.390679 0.359742 0.327821 0.295422 0.263356 0.233379 0.2108 0.209896 0.236445 0.274338 0.313843 0.351456 0.387001
0.470191 0.463625 0.460232 0.460406 0.464112 0.470902 0.480036 0.490855 0.503144 0.515523 0.526644 0.535366 0.542082 0.547519 0.555285 0.565845 0.579188 0.595375 0.613886 0.63323 0.652409 0.67005 0.684214 0.69247 0.692489 0.684057 0.669084 0.650043 0.628974 0.607341 0.586184 0.565492 0.543304 0.517119 0.488529 0.459479 0.432299 0.405716 0.377829 0.349037 0.320229 0.292872 0.269588 0.255157 0.25579 0.272945 0.300716 0.332602 0.365592 0.397974
0.52557 0.520499 0.516413 0.513863 0.513223 0.51455 0.517565 0.521741 0.526408 0.530834 0.534305 0.536171 0.536363 0.54024 0.547617 0.558065 0.571001 0.585857 0.601976 0.618562 0.634625 0.648914 0.659926 0.666087 0.665961 0.659411 0.64748 0.631738 0.613746 0.594821 0.57602 0.558195 0.54031 0.518443 0.493754 0.467958 0.444865 0.422447 0.398353 0.3734 0.348841 0.326398 0.308588 0.298654 0.299447 0.311313 0.331657 0.357416 0.385517 0.413862
0.577252 0.573422 0.568335 0.562859 0.557886 0.553954 0.551165 0.54926 0.547756 0.546041 0.543454 0.539345 0.536136 0.537968 0.543638 0.552157 0.562992 0.575552 0.58916 0.603031 0.616241 0.627734 0.636375 0.641104 0.640909 0.635677 0.626052 0.613084 0.597948 0.581757 0.565485 0.549975 0.535557 0.518714 0.49917 0.47841 0.459422 0.44052 0.42007 0.398966 0.378543 0.360552 0.346898 0.339579 0.340075 0.34894 0.36493 0.385779 0.409158 0.433238
0.624162 0.62139 0.614778 0.605904 0.596426 0.587366 0.579087 0.571491 0.564198 0.556678 0.548357 0.541191 0.536841 0.5363 0.539991 0.546411 0.555015 0.565207 0.576325 0.587628 0.598295 0.607454 0.614242 0.61792 0.617717 0.613505 0.605723 0.595116 0.582583 0.569046 0.555381 0.542392 0.530823 0.518808 0.50471 0.490181 0.474854 0.458587 0.441357 0.423875 0.407371 0.393129 0.382682 0.377481 0.3785 0.385846 0.398679 0.415505 0.434606 0.454527
0.665203 0.663335 0.654192 0.641123 0.62693 0.612956 0.599614 0.586821 0.574224 0.561634 0.550935 0.542822 0.537612 0.535615 0.53718 0.541395 0.547707 0.555535 0.564246 0.573164 0.581573 0.588754 0.594039 0.596897 0.596738 0.593379 0.587145 0.578593 0.56843 0.557428 0.546363 0.535992 0.527051 0.51969 0.511173 0.501155 0.489021 0.475588 0.461499 0.447632 0.434847 0.424182 0.416732 0.41345 0.414918 0.421144 0.43153 0.445014 0.460307 0.476327
0.699049 0.697914 0.684068 0.665915 0.647158 0.628827 0.611089 0.593825 0.577975 0.564181 0.552756 0.544001 0.538215 0.535691 0.535708 0.537663 0.541673 0.54718 0.553597 0.560311 0.566703 0.572178 0.576205 0.578381 0.578306 0.575702 0.570819 0.564097 0.55611 0.547508 0.538982 0.531231 0.52496 0.520887 0.517507 0.511029 0.502202 0.491925 0.481212 0.47076 0.461312 0.453682 0.448663 0.446892 0.448711 0.454058 0.46246 0.473108 0.485007 0.497421
0.722006 0.721214 0.699286 0.676802 0.654847 0.633839 0.614093 0.595909 0.579576 0.565384 0.553618 0.544567 0.538515 0.535749 0.535602 0.535748 0.537476 0.54073 0.54497 0.549645 0.55422 0.558195 0.56114 0.562736 0.562742 0.560832 0.557167 0.552106 0.546128 0.539793 0.533711 0.528522 0.524882 0.523118 0.521921 0.518931 0.513455 0.506614 0.499257 0.492032 0.485597 0.480605 0.477638 0.477123 0.479244 0.483884 0.490624 0.498807 0.507682 0.516753
0.716207 0.71566 0.696815 0.675285 0.653792 0.633057 0.613497 0.595449 0.579223 0.565119 0.553428 0.544442 0.538448 0.535735 0.535602 0.535602 0.535643 0.536721 0.538896 0.541678 0.544598 0.547232 0.549223 0.550314 0.55036 0.549104 0.546559 0.543028 0.53892 0.534721 0.530975 0.528259 0.526747 0.525516 0.524606 0.524042 0.522021 0.518626 0.514533 0.510357 0.506681 0.504038 0.502868 0.503453 0.505867 0.509939 0.515265 0.521263 0.527443 0.533386
0.695374 0.695113 0.683415 0.666208 0.647228 0.62811 0.609687 0.592497 0.576954 0.563414 0.552206 0.543643 0.538029 0.535661 0.535602 0.535602 0.535602 0.535602 0.535863 0.536875 0.538272 0.539689 0.540825 0.541465 0.541494 0.540835 0.539335 0.53723 0.534873 0.532692 0.53115 0.529923 0.528773 0.527794 0.527081 0.526712 0.527075 0.527035 0.526079 0.524778 0.523649 0.523139 0.523585 0.525177 0.527906 0.531547 0.535669 0.539743 0.543489 0.54646
0.673566 0.673402 0.665501 0.652349 0.636528 0.619766 0.603142 0.587375 0.572996 0.560441 0.550086 0.542279 0.537346 0.535603 0.535602 0.535602 0.535602 0.535602 0.535602 0.535602 0.535651 0.535949 0.536305 0.536537 0.536549 0.536335 0.535822 0.535055 0.534303 0.533454 0.53251 0.531548 0.530645 0.529881 0.529327 0.529102 0.529688 0.531122 0.533028 0.534431 0.535661 0.537102 0.539027 0.541564 0.544654 0.548017 0.55115 0.553625 0.555074 0.555155
0.652178 0.652063 0.64633 0.636208 0.623322 0.609091 0.594584 0.580595 0.567733 0.556494 0.547303 0.540541 0.536561 0.535602 0.535602 0.535602 0.535602 0.535602 0.535602 0.535602 0.535602 0.535602 0.535602 0.535602 0.535602 0.535602 0.535595 0.535397 0.534973 0.534384 0.533696 0.532978 0.532297 0.531718 0.531298 0.531233 0.531988 0.533536 0.535792 0.53865 0.541927 0.545153 0.548425 0.551847 0.555344 0.558604 0.56112 0.562267 0.561468 0.559216
0.631679 0.631593 0.627258 0.619364 0.608963 0.597131 0.584808 0.572767 0.561638 0.551952 0.544165 0.538687 0.535891 0.535602 0.535602 0.535602 0.535602 0.535602 0.535602 0.535602 0.535602 0.535602 0.535602 0.535602 0.535602 0.535602 0.535602 0.535594 0.535425 0.535088 0.534643 0.53415 0.533668 0.533252 0.532948 0.533028 0.5339 0.535518 0.537804 0.540667 0.543999 0.547682 0.551584 0.555556 0.559413 0.562946 0.565771 0.566745 0.565157 0.562066
0.612404 0.612338 0.60899 0.602791 0.594452 0.584784 0.57457 0.564514 0.555227 0.547243 0.541034 0.537023 0.535602 0.535602 0.535602 0.535602 0.535602 0.535602 0.535602 0.535602 0.535602 0.535602 0.535602 0.535602 0.535602 0.535602 0.535602 0.535602 0.535602 0.535508 0.535292 0.535008 0.534708 0.534438 0.534236 0.534419 0.535354 0.536987 0.539248 0.542056 0.545315 0.548924 0.552774 0.556751 0.560827 0.564996 0.569022 0.571059 0.568022 0.56391
0.59465 0.594599 0.591998 0.587138 0.580526 0.572778 0.56454 0.55643 0.549016 0.542815 0.538297 0.53589 0.535602 0.535602 0.535602 0.535602 0.535602 0.535602 0.535602 0.535602 0.535602 0.535602 0.535602 0.535602 0.535602 0.535602 0.535602 0.535602 0.535602 0.535602 0.535589 0.535501 0.535368 0.53523 0.53512 0.535353 0.536291 0.537879 0.540052 0.542731 0.545829 0.54925 0.552912 0.55682 0.560924 0.565147 0.569319 0.571644 0.568262 0.564043
0.578702 0.578663 0.576658 0.572896 0.567753 0.561711 0.555301 0.549058 0.5435 0.539114 0.536353 0.535602 0.535602 0.535602 0.535602 0.535602 0.535602 0.535602 0.535602 0.535602 0.535602 0.535602 0.535602 0.535602 0.535602 0.535602 0.535602 0.535602 0.535602 0.535602 0.535602 0.535602 0.535602 0.535586 0.53556 0.53579 0.536671 0.538154 0.540171 0.542646 0.545515 0.548732 0.552226 0.555914 0.559679 0.563309 0.566284 0.567341 0.565628 0.562397
0.56484 0.56481 0.5633 0.560466 0.556599 0.552084 0.54736 0.542892 0.539146 0.536571 0.535602 0.535602 0.535602 0.535602 0.535602 0.535602 0.535602 0.535602 0.535602 0.535602 0.535602 0.535602 0.535602 0.535602 0.535602 0.535602 0.535602 0.535602 0.535602 0.535602 0.535602 0.535602 0.535602 0.535602 0.535602 0.535769 0.536538 0.537878 0.539729 0.542029 0.54471 0.547697 0.550902 0.554208 0.557448 0.560343 0.562422 0.563063 0.561994 0.559645
0.55334 0.553319 0.552232 0.550204 0.547464 0.544328 0.541166 0.53838 0.536388 0.535603 0.535602 0.535602 0.535602 0.535602 0.535602 0.535602 0.535602 0.535602 0.535602 0.535602 0.535602 0.535602 0.535602 0.535602 0.535602 0.535602 0.535602 0.535602 0.535602 0.535602 0.535602 0.535602 0.535602 0.535602 0.535602 0.535677 0.536281 0.537442 0.539094 0.541168 0.543589 0.546271 0.549108 0.551967 0.554662 0.556938 0.55846 0.558904 0.558156 0.556404
0.544478 0.544464 0.54375 0.542435 0.540709 0.538833 0.537123 0.535932 0.535602 0.535602 0.535602 0.535602 0.535602 0.535602 0.535602 0.535602 0.535602 0.535602 0.535602 0.535602 0.535602 0.535602 0.535602 0.535602 0.535602 0.535602 0.535602 0.535602 0.535602 0.535602 0.535602 0.535602 0.535602 0.535602 0.535602 0.535611 0.536006 0.53694 0.538344 0.540143 0.542256 0.544588 0.547028 0.549438 0.551645 0.553439 0.554593 0.554922 0.554367 0.553025
0.53853 0.538522 0.538141 0.537471 0.536668 0.535955 0.535606 0.535602 0.535602 0.535602 0.535602 0.535602 0.535602 0.535602 0.535602 0.535602 0.535602 0.535602 0.535602 0.535602 0.535602 0.535602 0.535602 0.535602 0.535602 0.535602 0.535602 0.535602 0.535602 0.535602 0.535602 0.535602 0.535602 0.535602 0.535602 0.535602 0.535766 0.536435 0.537553 0.539044 0.54082 0.542786 0.544829 0.546819 0.548606 0.550025 0.550918 0.55117 0.550744 0.5497
0.535768 0.535767 0.53569 0.535609 0.535602 0.535602 0.535602 0.535602 0.535602 0.535602 0.535602 0.535602 0.535602 0.535602 0.535602 0.535602 0.535602 0.535602 0.535602 0.535602 0.535602 0.535602 0.535602 0.535602 0.535602 0.535602 0.535602 0.535602 0.535602 0.535602 0.535602 0.535602 0.535602 0.535602 0.535602 0.535602 0.53562 0.535995 0.536803 0.537964 0.539391 0.540989 0.542652 0.544261 0.545689 0.546808 0.547504 0.547699 0.547369 0.546554
