src/mapping2d_qt/surfaces/5.grd
DSAA
50 50
-10.0081 10.0605
-9.44707 8.71796
0.0511122 0.942498
[rows 0 to 34 of 50, columns 0 to 49 of 50]
0.734753 0.729114 0.7231 0.716697 0.70989 0.70267 0.695032 0.686973 0.678497 0.669609 0.660319 0.650638 0.640577 0.630149 0.619364 0.608233 0.596765 0.584967 0.572847 0.560413 0.547676 0.534646 0.521341 0.50778 0.493989 0.479999 0.465849 0.451581 0.437246 0.4229 0.40861 0.394475 0.38087 0.369884 0.360563 0.351727 0.343316 0.335355 0.327879 0.320917 0.314494 0.308623 0.303312 0.298559 0.294354 0.290681 0.287517 0.284834 0.282601 0.280784
0.741647 0.736134 0.730226 0.723904 0.717152 0.709958 0.702315 0.694224 0.685687 0.676712 0.667313 0.657503 0.647297 0.636709 0.625752 0.614436 0.602768 0.590755 0.578401 0.565711 0.552691 0.539349 0.525699 0.511759 0.497556 0.48312 0.468492 0.453718 0.438854 0.423963 0.409121 0.39444 0.380329 0.368776 0.35891 0.349582 0.340725 0.332368 0.32455 0.317305 0.31066 0.304629 0.299218 0.294424 0.290233 0.286623 0.283566 0.281029 0.278973 0.277359
0.748738 0.743377 0.737598 0.731379 0.7247 0.717547 0.709911 0.701793 0.693198 0.684139 0.67463 0.664693 0.654344 0.643604 0.632485 0.620998 0.609151 0.596945 0.584382 0.57146 0.558182 0.544552 0.53058 0.516283 0.501687 0.486828 0.47175 0.456512 0.441187 0.42587 0.410698 0.39591 0.381984 0.369498 0.358357 0.34811 0.338546 0.329621 0.321342 0.313729 0.306803 0.300573 0.295041 0.290197 0.286021 0.282486 0.279554 0.277185 0.275332 0.273947
0.756019 0.750839 0.745218 0.739127 0.732542 0.725444 0.717826 0.709687 0.701035 0.691888 0.682267 0.6722 0.66171 0.650823 0.639554 0.627916 0.615912 0.603542 0.590799 0.577677 0.564172 0.550282 0.536013 0.52138 0.50641 0.491142 0.47563 0.459945 0.444181 0.42846 0.412956 0.397909 0.383633 0.370391 0.358223 0.347003 0.336615 0.327009 0.318176 0.310126 0.302869 0.296409 0.29074 0.285845 0.281696 0.278253 0.275472 0.273301 0.271683 0.270561
0.763478 0.758514 0.753083 0.747149 0.740682 0.733659 0.726069 0.717912 0.7092 0.699958 0.690215 0.68001 0.669377 0.658347 0.646942 0.635174 0.623044 0.610544 0.59766 0.584378 0.570683 0.556566 0.542027 0.527079 0.511748 0.496076 0.480125 0.463979 0.447744 0.43156 0.415603 0.400082 0.385223 0.371208 0.358124 0.345973 0.334733 0.32439 0.314945 0.306409 0.298787 0.292078 0.286269 0.281332 0.277229 0.273909 0.271313 0.269377 0.268034 0.267214
0.771101 0.766392 0.761189 0.755448 0.749129 0.742202 0.734651 0.726476 0.717696 0.708342 0.698461 0.688103 0.677318 0.666148 0.654621 0.642749 0.63053 0.617945 0.604971 0.591577 0.577738 0.563433 0.548656 0.533412 0.517726 0.501644 0.485232 0.468583 0.451813 0.435067 0.418516 0.402351 0.386761 0.371911 0.357915 0.344844 0.332738 0.321626 0.311533 0.302479 0.294474 0.287511 0.281571 0.276615 0.272591 0.269434 0.26707 0.265419 0.2644 0.26393
0.778862 0.774456 0.769529 0.764024 0.757889 0.751083 0.743585 0.735391 0.726525 0.717034 0.706983 0.696445 0.685491 0.674179 0.662547 0.650606 0.638346 0.625736 0.612733 0.599291 0.585364 0.57092 0.555938 0.540417 0.52438 0.507873 0.490965 0.473755 0.456366 0.438947 0.421668 0.404713 0.388265 0.372492 0.357538 0.343516 0.330513 0.318599 0.307829 0.298237 0.28984 0.282632 0.276585 0.271648 0.267752 0.264815 0.262742 0.261438 0.260802 0.260738
0.786731 0.782682 0.778087 0.772873 0.766971 0.760322 0.752891 0.744672 0.735695 0.726024 0.715753 0.704989 0.693836 0.682376 0.670658 0.658694 0.646458 0.6339 0.620951 0.607539 0.593597 0.57907 0.563925 0.54815 0.531763 0.514809 0.49736 0.47952 0.46142 0.443213 0.425075 0.407194 0.389761 0.372961 0.356965 0.341925 0.327971 0.315211 0.303729 0.293582 0.284796 0.277365 0.271251 0.266388 0.262688 0.260043 0.258339 0.257455 0.257273 0.257678
0.794661 0.791034 0.786842 0.781989 0.776382 0.769938 0.762599 0.754348 0.745218 0.735301 0.724732 0.713671 0.70227 0.690648 0.678871 0.666945 0.654822 0.642418 0.629631 0.616351 0.602482 0.587944 0.572685 0.556682 0.539946 0.522519 0.50448 0.485936 0.467025 0.447913 0.428784 0.409839 0.391285 0.373333 0.356185 0.340032 0.325046 0.311376 0.29914 0.288419 0.279252 0.271631 0.265509 0.260797 0.257381 0.255124 0.253881 0.253507 0.25386 0.254807
0.802587 0.799456 0.795751 0.791351 0.786128 0.779961 0.772752 0.764461 0.755122 0.744858 0.73387 0.722397 0.710672 0.698868 0.68707 0.67527 0.663382 0.651273 0.638787 0.625768 0.612082 0.597619 0.582305 0.566104 0.549019 0.531094 0.512408 0.49308 0.473258 0.453118 0.432862 0.412708 0.392888 0.373639 0.355202 0.33781 0.321683 0.307016 0.293969 0.282651 0.273116 0.265357 0.259306 0.254848 0.251829 0.250077 0.249411 0.249651 0.250632 0.252199
0.810419 0.807865 0.804748 0.800917 0.796201 0.790419 0.783412 0.775085 0.765459 0.754698 0.7431 0.73104 0.718874 0.706859 0.695102 0.68356 0.672082 0.660454 0.648449 0.635852 0.62248 0.608193 0.592892 0.576527 0.559095 0.540641 0.521252 0.501055 0.480213 0.458921 0.437397 0.415881 0.394633 0.373924 0.354034 0.335247 0.317838 0.30206 0.288123 0.276179 0.266298 0.258469 0.252598 0.248527 0.246053 0.244951 0.244996 0.245971 0.247681 0.249952
0.818034 0.816139 0.813722 0.810604 0.806562 0.801335 0.794659 0.786333 0.776322 0.764839 0.752338 0.739413 0.726632 0.714377 0.702772 0.691696 0.680874 0.669975 0.658676 0.64669 0.633787 0.619789 0.604576 0.588084 0.570306 0.551289 0.531132 0.509977 0.488005 0.465429 0.442492 0.419457 0.39661 0.374259 0.352727 0.332355 0.313484 0.296443 0.281513 0.2689 0.258703 0.250901 0.245357 0.24185 0.240105 0.239831 0.240744 0.242587 0.245133 0.24819
0.825268 0.824104 0.822497 0.820255 0.817109 0.812698 0.80659 0.798378 0.787879 0.77534 0.761471 0.747247 0.733593 0.721095 0.709852 0.699567 0.689749 0.679895 0.669568 0.65841 0.646142 0.632555 0.617508 0.600924 0.582796 0.563177 0.542181 0.519971 0.496753 0.472764 0.448269 0.423555 0.398936 0.374748 0.351362 0.329178 0.30862 0.290114 0.274045 0.260706 0.250236 0.242596 0.237583 0.234874 0.234092 0.234855 0.236814 0.239664 0.243151 0.247068
0.83192 0.831519 0.830805 0.829594 0.827601 0.82438 0.819271 0.811472 0.800413 0.78632 0.770351 0.754145 0.739251 0.726587 0.716121 0.707143 0.698794 0.690356 0.681286 0.671175 0.659711 0.646658 0.631854 0.61521 0.596719 0.576447 0.55453 0.531162 0.50658 0.48105 0.45486 0.428321 0.401762 0.375547 0.350081 0.325824 0.303294 0.28305 0.265636 0.251481 0.2408 0.233524 0.229327 0.227729 0.228198 0.23024 0.23343 0.237422 0.241941 0.246776
0.837751 0.838089 0.838273 0.838171 0.83755 0.835971 0.832587 0.825924 0.814369 0.797951 0.778784 0.759568 0.742889 0.730378 0.721521 0.714623 0.70828 0.701611 0.694049 0.685178 0.674672 0.66227 0.647782 0.631103 0.612225 0.591232 0.568298 0.543657 0.51759 0.490399 0.4624 0.433916 0.405286 0.376878 0.349116 0.322502 0.297651 0.275295 0.256218 0.241104 0.230308 0.223701 0.220736 0.22066 0.222727 0.226306 0.230902 0.236144 0.241756 0.247531
0.842522 0.843486 0.844449 0.845356 0.8461 0.846437 0.845711 0.841878 0.830284 0.810141 0.786556 0.763102 0.743599 0.73225 0.726632 0.722692 0.71873 0.714017 0.7081 0.700603 0.691187 0.679548 0.66545 0.648755 0.629447 0.607643 0.583568 0.557523 0.529849 0.500896 0.471006 0.440511 0.409742 0.379047 0.34883 0.319595 0.292022 0.267031 0.245783 0.229448 0.218691 0.213258 0.212138 0.214116 0.218159 0.223507 0.229634 0.236177 0.242885 0.249577
0.846026 0.84742 0.8489 0.850468 0.852125 0.853863 0.855634 0.857119 0.84722 0.820767 0.793643 0.766464 0.740759 0.734433 0.73372 0.732655 0.730813 0.727902 0.723601 0.717546 0.709344 0.698601 0.684984 0.668289 0.648487 0.62574 0.600361 0.572755 0.543349 0.512556 0.480748 0.448257 0.415389 0.382443 0.349754 0.317753 0.287082 0.258776 0.234491 0.216385 0.205955 0.202599 0.204233 0.208876 0.215211 0.22245 0.230117 0.237913 0.24564 0.253162
0.848143 0.84972 0.851364 0.853073 0.854827 0.856536 0.857863 0.857196 0.846913 0.824999 0.800332 0.775778 0.75504 0.747097 0.745895 0.745545 0.744846 0.743299 0.74048 0.735923 0.729099 0.719447 0.706457 0.689792 0.669393 0.645504 0.618594 0.589229 0.557964 0.525289 0.491606 0.457242 0.422463 0.387498 0.352575 0.317968 0.284108 0.251835 0.223058 0.201818 0.19238 0.192887 0.198448 0.206193 0.21486 0.223863 0.23289 0.241752 0.250325 0.258518
0.848858 0.850382 0.851852 0.853225 0.854386 0.855016 0.854314 0.850457 0.840782 0.825069 0.806398 0.788047 0.773357 0.764924 0.761575 0.760582 0.760264 0.759718 0.758296 0.755364 0.7502 0.741978 0.729875 0.713299 0.692133 0.666788 0.638014 0.606639 0.573392 0.538844 0.503421 0.467431 0.431096 0.39458 0.358004 0.321477 0.285124 0.24919 0.214501 0.185909 0.179887 0.187442 0.197364 0.207774 0.218207 0.228469 0.238441 0.248036 0.257183 0.265824
0.848256 0.849553 0.850601 0.85136 0.851683 0.851188 0.849147 0.844491 0.83629 0.824724 0.811329 0.798251 0.787564 0.780529 0.776965 0.775764 0.775792 0.776178 0.776207 0.775145 0.772094 0.765884 0.755157 0.738793 0.716546 0.689211 0.65809 0.624412 0.589096 0.55277 0.515849 0.478606 0.441224 0.403823 0.366484 0.329262 0.292196 0.255342 0.218899 0.18526 0.182533 0.19298 0.204062 0.215155 0.226089 0.236759 0.247077 0.256965 0.266354 0.275183
0.846477 0.847451 0.847899 0.847952 0.847531 0.846308 0.84378 0.839393 0.832832 0.824364 0.814911 0.80577 0.798189 0.792955 0.790172 0.789412 0.790045 0.791447 0.79302 0.794094 0.79374 0.790484 0.782094 0.766198 0.742206 0.711946 0.677834 0.6416 0.604262 0.566399 0.528354 0.490344 0.452516 0.414987 0.377871 0.341319 0.305597 0.271315 0.240153 0.216929 0.208424 0.21146 0.219162 0.228567 0.238596 0.248765 0.258807 0.268541 0.277835 0.28659
0.843613 0.844222 0.843852 0.843264 0.842353 0.840834 0.838371 0.83468 0.829679 0.823612 0.81707 0.810848 0.805719 0.802216 0.800522 0.800513 0.801884 0.804271 0.807292 0.810504 0.813244 0.814173 0.810121 0.795343 0.767927 0.733203 0.695548 0.656829 0.61782 0.578891 0.54025 0.502043 0.464396 0.427448 0.391386 0.3565 0.323304 0.292749 0.266603 0.24756 0.237705 0.236109 0.239891 0.246652 0.254965 0.264018 0.273321 0.282549 0.291477 0.299938
0.838698 0.838967 0.838204 0.837349 0.836298 0.83484 0.832762 0.82992 0.826313 0.822136 0.817776 0.813735 0.810508 0.808468 0.807803 0.80852 0.810503 0.813575 0.817551 0.822247 0.82745 0.83277 0.836558 0.825491 0.789615 0.749349 0.708759 0.668453 0.628623 0.589379 0.550812 0.513026 0.476147 0.440352 0.405894 0.373156 0.342734 0.315534 0.292825 0.275998 0.265867 0.262016 0.263063 0.267464 0.273977 0.28172 0.290077 0.298614 0.30701 0.315031
0.831533 0.83152 0.831035 0.830325 0.829444 0.828302 0.826785 0.82482 0.822428 0.819751 0.817044 0.81463 0.812832 0.811911 0.812026 0.813228 0.815479 0.818692 0.822755 0.827547 0.832926 0.83863 0.843494 0.833467 0.796149 0.755612 0.715134 0.675139 0.635783 0.597174 0.559424 0.522662 0.487055 0.452825 0.420271 0.389803 0.361984 0.337537 0.3173 0.302028 0.292082 0.287213 0.286642 0.289366 0.294418 0.30099 0.308439 0.316268 0.32409 0.331613
0.823621 0.823335 0.822939 0.822461 0.821906 0.821225 0.820346 0.819226 0.817879 0.816399 0.814947 0.813728 0.812952 0.812794 0.813368 0.814714 0.816804 0.819542 0.822764 0.826196 0.82931 0.830899 0.827796 0.813605 0.786089 0.75145 0.714341 0.676607 0.639011 0.601951 0.565695 0.530476 0.49653 0.464132 0.433609 0.405367 0.379892 0.357738 0.339462 0.325501 0.316028 0.31086 0.309491 0.311224 0.315307 0.321033 0.327782 0.335031 0.342352 0.349404
0.815153 0.814612 0.814235 0.813985 0.813815 0.813656 0.813437 0.813105 0.812654 0.812129 0.811621 0.811253 0.811155 0.811431 0.812146 0.813305 0.814844 0.816618 0.818365 0.819637 0.819642 0.816966 0.809303 0.79408 0.770671 0.741167 0.708225 0.673692 0.638656 0.603779 0.569509 0.536198 0.504167 0.473742 0.445271 0.419143 0.395778 0.375607 0.359018 0.346287 0.3375 0.332508 0.330943 0.332277 0.335901 0.341192 0.347556 0.35446 0.361444 0.368129
0.806199 0.805413 0.80505 0.80504 0.805289 0.805686 0.806124 0.806522 0.806837 0.807071 0.807261 0.80747 0.807766 0.808199 0.808786 0.809492 0.810212 0.81075 0.810781 0.809792 0.806998 0.801269 0.791217 0.775674 0.754421 0.728378 0.699011 0.667683 0.635434 0.60301 0.570968 0.539751 0.509749 0.481328 0.454855 0.430703 0.409248 0.39084 0.375779 0.364256 0.356321 0.351849 0.350548 0.351988 0.355642 0.360939 0.367299 0.374169 0.381055 0.38754
0.79681 0.795779 0.795453 0.795729 0.796451 0.797442 0.79854 0.799618 0.800593 0.801427 0.802117 0.802681 0.803143 0.803513 0.803769 0.803845 0.803606 0.802831 0.801187 0.798192 0.793199 0.785408 0.773998 0.758384 0.73849 0.714819 0.688242 0.659716 0.630099 0.600103 0.570307 0.541199 0.513207 0.486727 0.462137 0.439802 0.420069 0.40325 0.389598 0.379271 0.372311 0.368618 0.367949 0.369929 0.374078 0.37984 0.386621 0.39383 0.400921 0.407426
0.787028 0.785746 0.785512 0.786167 0.787458 0.789112 0.790889 0.792609 0.794154 0.795454 0.796478 0.797216 0.797664 0.797802 0.797588 0.796933 0.795693 0.793651 0.790501 0.785841 0.77918 0.769975 0.757734 0.742146 0.723204 0.70123 0.676795 0.650582 0.623274 0.595498 0.567805 0.540686 0.514581 0.489898 0.467022 0.446313 0.428109 0.412706 0.400344 0.39118 0.385269 0.382544 0.382803 0.385708 0.390798 0.397501 0.405178 0.413164 0.420826 0.427621
0.776899 0.775349 0.775316 0.776522 0.778543 0.780963 0.783451 0.78578 0.787806 0.789447 0.790659 0.791417 0.791703 0.791483 0.790703 0.78927 0.787046 0.783835 0.779379 0.773362 0.765428 0.755215 0.742425 0.726894 0.708649 0.687928 0.665137 0.640785 0.615416 0.589564 0.563734 0.538392 0.513971 0.490879 0.4695 0.450194 0.433299 0.419115 0.407891 0.399809 0.394958 0.393318 0.394734 0.398905 0.405372 0.413527 0.42264 0.431922 0.440599 0.44801
0.76648 0.764636 0.765019 0.767078 0.77007 0.773381 0.7766 0.779481 0.781883 0.783731 0.784985 0.78562 0.785616 0.784936 0.783525 0.781297 0.778129 0.773855 0.768271 0.76114 0.752207 0.741238 0.728052 0.712568 0.694838 0.675052 0.653519 0.630636 0.606843 0.582594 0.558339 0.534509 0.511518 0.489763 0.469622 0.451458 0.435616 0.422409 0.412118 0.404965 0.401099 0.40057 0.403293 0.409017 0.417293 0.427455 0.43864 0.449857 0.460106 0.468526
0.755866 0.753676 0.754942 0.758369 0.762624 0.766906 0.770804 0.774115 0.77674 0.778632 0.77977 0.78014 0.779725 0.778495 0.776402 0.773371 0.769301 0.764058 0.757488 0.749416 0.739669 0.728094 0.714589 0.699123 0.68176 0.662663 0.642081 0.620333 0.597784 0.57482 0.551838 0.529231 0.507385 0.486681 0.467488 0.450169 0.435078 0.422553 0.412912 0.40644 0.40337 0.403853 0.407914 0.415396 0.425891 0.43868 0.452714 0.466692 0.479237 0.489161
0.745331 0.742643 0.745959 0.751465 0.757114 0.762235 0.766593 0.770099 0.772722 0.774455 0.775297 0.77525 0.774305 0.77244 0.769615 0.765773 0.760832 0.754692 0.747238 0.738346 0.727901 0.715809 0.702015 0.686521 0.6694 0.650793 0.63091 0.610014 0.588412 0.566435 0.54443 0.522752 0.501758 0.481803 0.463246 0.446445 0.431761 0.419558 0.410199 0.404042 0.401426 0.402645 0.407892 0.417184 0.430237 0.446327 0.464191 0.482054 0.497904 0.509974
0.736841 0.732958 0.740834 0.748249 0.754686 0.76009 0.764456 0.767794 0.770119 0.771449 0.771798 0.771174 0.769575 0.766988 0.763382 0.758714 0.752921 0.745931 0.737661 0.728028 0.716956 0.704391 0.690311 0.674739 0.657748 0.639466 0.620071 0.599786 0.578871 0.55761 0.536307 0.515277 0.494844 0.475337 0.457095 0.440466 0.425812 0.413514 0.403977 0.397634 0.394945 0.396379 0.402375 0.413243 0.42899 0.449051 0.471989 0.495352 0.516015 0.531119
0.742694 0.739188 0.744222 0.750473 0.756157 0.760928 0.764691 0.76742 0.769114 0.769781 0.76943 0.768067 0.765693 0.762297 0.757858 0.752341 0.745703 0.737891 0.728848 0.71852 0.70686 0.693841 0.679463 0.663758 0.646801 0.628704 0.609621 0.589744 0.569292 0.54851 0.527661 0.507021 0.486879 0.467533 0.449295 0.432492 0.417475 0.404627 0.394378 0.387219 0.383719 0.38454 0.390424 0.402127 0.420223 0.444688 0.474215 0.505513 0.533449 0.552898
