src/mapping2d_qt/surfaces/6.grd
DSAA
50 50
-2548.12 2543.49
-2547.05 2541.67
928.665 2112.87
1491.3 1537.14 1603.53 1577.53 1417.49 1270.47 1307.45 1477.39 1719.82 1772.31 1698.28 1552.93 1351.59 1317.6 1353.17 1463.12 1563.22 1625.52 1616.83 1549.6 1508.92 1448.57 1402.8 1403.33 1376.81 1352.99 1403.16 1401.2 1347.51 1282.82 1082.11 1112.33 1269.37 1480.18 1673.14 1763.22 1816.1 1531.13 1221.38 1250.6 1427.94 1665.22 1765.58 1649.52 1434.7 1277.3 1271.11 1336.6 1418.42 1471.85
1507.05 1581.74 1694.97 1730.97 1676.77 1320.68 1196.81 1263.08 1493.86 1606.37 1615.45 1477.14 1234.82 1192.67 1285 1538.52 1705.71 1781.55 1721.58 1622.89 1529.17 1430.8 1435.64 1445.59 1388.06 1299.96 1427.44 1408.19 1392.13 1374.36 1206.82 1200.87 1318.66 1487.18 1551.55 1615.54 1701.9 1402.22 1052.35 1243.9 1533.39 1708.56 1791.5 1644.47 1414.03 1227.77 1206.01 1369.94 1456.69 1502.93
1498.51 1587.27 1760.68 1824.92 1767.68 1245.41 1011.76 1079.82 1753.39 1582.67 1619.33 1410.34 1177.78 1196.02 1316.82 1589.33 1788.17 1836.28 1757.72 1685.6 1585.89 1525.44 1562.6 1576.74 1568.94 1672.53 1462.01 1277.34 1274.25 1289.85 1258.25 1326.04 1441.84 1506.05 1429.22 1225.44 1257.5 1194.96 1290.75 1401.76 1364.83 1601.96 1596.96 1395.23 1315.41 1241.93 1307.61 1491.85 1560.54 1555.04
1483.09 1638.08 1818.9 1903.3 1818.97 1691.51 1330.84 1270.15 1503.72 1498.83 1581.5 1351.46 1219.11 1319.42 1425.01 1624.66 1856.2 1885.31 1816.23 1800.54 1730.14 1647.79 1680.94 1703.13 1820.14 1706.36 1134.19 1178.99 1164.72 1253.83 1389.12 1445.28 1503.46 1590.22 1486.92 1206.95 1169.85 1220.08 1635.32 1569.45 1592.19 1687.36 1557.91 1131.6 1067.11 1205.47 1401.6 1651.71 1707.22 1637.99
1543 1657.58 1804.94 1959.35 1860.16 1781 1541.16 1394.43 1356.96 1403.39 1657.1 1465.25 1380.88 1319.04 1510.71 1542.07 1545.74 1685.65 1791.55 1796 1765.21 1736.25 1642.24 1608.09 1789.89 1537.35 1032.15 1127.03 1123.22 1191.55 1428.76 1032.29 1476.28 1711.98 1614.39 1524.2 1377.52 1327.94 1449.21 1744.16 1687.02 1660.57 1671.69 1179.37 1021 1202.48 1496.44 1746.88 1809.7 1756.7
1562 1623.74 1724.4 1817.21 1751.89 1572.89 1476.94 1508.62 1610.2 1805.3 1767.96 1806.34 1572.59 1307.99 1485.88 1466.05 1263.13 1408.57 1702.56 1732.54 1779.27 1853.48 1750.44 1641.3 1845.36 1761.13 1167.27 1229.74 1245.61 1135.91 1534.39 1222.21 1620.4 1789.85 1766.31 1544.07 1405.33 1326.88 1275.83 1439.28 1566.99 1433.76 1255.54 1084.62 1089.88 1227.6 1474.74 1787.21 1841.19 1829.1
1488.02 1547.08 1647.47 1900.31 1469.51 1449.86 1520.17 1556.3 1486.67 1594.3 1535.18 1676.38 1595.55 1397.35 1386.62 1378.26 1252.69 1576.87 1717.79 1671.68 1679.75 1733.22 1530.14 1586.79 1815.17 1868.71 1552.89 1488.97 1568.69 1686.59 1844.63 1681.89 1743.89 1859.91 1815.21 1592.73 1422.18 1318.91 1229.68 1296.73 1541.27 1802.37 1547.36 1216.05 1265.09 1322.19 1473.72 1786.96 1899.67 1867.86
1342.04 1419.78 1525.18 1538.4 1422.33 1501.86 1567.77 1455.64 1333.3 1744.36 1285.61 1362.11 1417.6 1471.94 1473.17 1368.83 1377.05 1413.6 1517.16 1566.23 1487.07 1335.91 1179.89 1443.28 1638.55 1679.17 1530.47 1408.74 1041.77 1583.58 1674.4 1786.51 1535.82 1781.18 1778.22 1668.81 1455.56 1326.73 1357.75 1433.3 1346.33 1661.91 1965.55 1606.02 1743.09 1671.25 1469.31 1633.65 1945.34 1889.07
1246.96 1354.87 1456.45 1429.94 1505.36 1553.55 1651.1 1606.02 1407.22 1258.16 1089.84 1038.16 1217.81 1610.39 1684.04 1623.8 1465.25 1304.84 1343.64 1483.89 1631.14 1699.84 1526.32 1461.67 1515.43 1338.31 1358.85 1289.31 1107.84 1402.67 1695.41 1467.91 1834.58 1854.47 1801.15 1687.13 1452.09 1377.91 1588.98 1732.02 1438.87 1488.32 1839.74 1777.97 1752.34 1634.18 1312.64 1314.01 1864.59 1844.09
1215.94 1284.79 1405.75 1522.18 1663.66 1705.57 1806.64 1833.73 1386.51 1075.77 1019.2 1365.52 1635.48 1788.38 1924.75 1938.01 1509.77 1179.32 1220.86 1427.01 1651.58 1767.75 1665.24 1455.82 1482.31 1601.6 1454.54 1203.23 1111.18 1256.67 1436.43 1241.18 1770.43 1928.42 1874.41 1678.49 1459.77 1519.89 1750.09 1723.94 1540.2 1577.5 1565.42 1745 1694.29 1577.84 1462.21 1590.12 1687.22 1722.58
1270.81 1331.48 1479.81 1626.09 1776.97 1754.77 1829.79 1882.07 1564.4 1290.01 1121.96 1104.92 1714.66 1931.96 1932.42 1748.97 1273.36 1026.34 1068.76 1337.62 1654.04 1813.04 1625.72 1423.77 1418.8 1714.64 1563.27 1214.5 1042.48 1207.22 1166.24 1178.51 1603.21 1895.6 1848.46 1669.41 1422.61 1430.89 1594.87 1694.19 1750.37 1625.3 1563.9 1754.69 1709.05 1540.83 1545.42 1640.74 1524.08 1577.12
1306.41 1416.72 1598.15 1505.89 1513.73 1686.55 1806.33 1776.96 1620.86 1454.39 1327.33 1292.01 1545.66 1756.6 1770.92 1615.66 1232.88 1168.21 1142.08 1340.45 1573.26 1671.49 1451.86 1419.92 1434.65 1703.73 1680.4 1391.48 1334.68 1472.75 1475.28 1369.01 1492.46 1826.14 1915.53 1722.02 1362.21 1192.28 1274.47 1757.25 1673.87 1481.31 1467.28 1506.15 1473.37 1411.02 1387.13 1407.55 1454.93 1524.2
1262 1305.99 1356.85 1434.98 1485.93 1740.11 1788.45 1789.43 1663.43 1514.54 1588.01 1359.54 1269.32 1498.93 1629.9 1648.89 1508.41 1267.16 1335.66 1501.07 1694.93 1583.61 1095.39 1382.36 1750.99 1554.94 1846.78 1514.83 1466.58 1694.54 1726.45 1281.45 1312.27 1749.51 1909.57 1701.19 1382.27 1075.92 1335.6 1701.08 1199.23 1422.17 1557.52 1423.75 1328.2 1375.07 1490.71 1456.63 1464.97 1485.2
1275.77 1317.36 1489.17 1706.88 1744.28 1736.43 1708.43 1733.59 1703.03 1332.26 1430.31 1399.97 1091.6 1332.89 1463.62 1636.87 1628.15 1218.44 1466.79 1640.9 1737.18 1612.56 1301.9 1520.73 1825.43 1730.39 1517.82 1309.32 1348.02 1533.62 1655.66 1529.46 1412.44 1768.29 1842.66 1678.71 1504.21 1152.73 1359.17 1461.83 1420.18 1600.67 1572.69 1450.71 1471.21 1420.12 1653.43 1578.31 1479.37 1458.54
1252.7 1278.84 1396.85 1527.11 1567.79 1607.1 1599.83 1731.18 1911.47 1369.71 1502.91 1730.2 1624.46 1796.71 1507 1523.1 1509.6 1326.92 1674.57 1747.78 1732.02 1559.6 1198.55 1658.44 1924.65 1764.86 1500.31 1291.6 1242.64 1281.89 1351.85 1350.84 1194.91 1673.15 1658.88 1524.9 1398.9 1334.49 1334.18 1449.27 1543.02 1699 1415.02 1514.12 1771.85 1431.63 1354.12 1693.03 1594.13 1531.77
1164.59 1129.5 1198.16 1293.8 1344.56 1464.56 1571.19 1732.46 1722.39 1544.89 1632.27 1769.59 1721.91 1658.03 1552.38 1526.36 1561.38 1500.57 1550.92 1610.77 1834.45 1472.83 1363.85 1699.83 1841.94 1713.89 1542.73 1354.89 1439.37 1531.49 1275.09 1211.7 1029.52 1293 1433.5 1254.05 1266.13 1144.6 1308.55 1519.79 1698.37 1913.69 1673.82 1722.97 1732.89 1586 1838.32 1797.48 1564.13 1502.19
1149.46 1117.51 1291.18 1167.29 1190.22 1260.22 1435.07 1640.56 1590.06 1550.89 1706.47 1792.14 1766.29 1573.07 1366.07 1457.48 1458.35 1464.49 1349.96 1307.22 1300.22 1403.2 1476.2 1724.39 1658.17 1575.85 1562.36 1413.07 1673.76 1784.49 1323.34 1265.63 1350.78 1578.23 1538.31 1134.04 1115.15 1111.05 1406.55 1688.44 1774.86 1883.54 1904.17 1634.06 1360.55 1460.05 1610.32 1560.01 1451.23 1428.79
1165.92 1116.37 1241.86 1206.08 1330.74 1533.44 1552.41 1670.38 1672.04 1740.98 1741.68 1731.57 1835 1732.28 1272.23 1411.22 1246.54 1381.68 1429.04 1410.5 1366.75 1516.09 1693.64 1831.05 1523.39 1575.39 1664.55 1339.06 1714.79 1563.91 1152.41 1281.87 1467.47 1659.07 1629.41 1257.02 1304.89 1466.96 1611.79 1803.6 1846.6 1860.02 1764.3 1481.36 1295.58 1317.26 1260.83 1309.16 1402.1 1436.56
1254.72 1176.9 1235.9 1325.81 1539.25 1491.03 1521.07 1599.02 1647.53 1758.23 1691.89 1472.5 1776.47 1652 1283.07 1237.63 1090.55 1025.31 1376.11 1647.94 1714.06 1794.34 1872.02 1922.45 1723.59 1468.09 1525.71 1401.87 1354.31 1163.9 1094.71 1263.48 1303.22 1523.7 1676.92 1613.73 1682.86 1879.1 1806 1804.36 1862.39 1885.52 1766.2 1578.9 1391.2 1432.3 1411.87 1458.36 1491.85 1430.98
1348.23 1321.3 1357.45 1453.41 1504.21 1365.82 1381.95 1400.32 1416.27 1506.28 1655.99 1645.22 1845.05 1554.16 1265.07 1354.48 1167.07 1063.93 1294.22 1650.5 1868.31 1912.32 1879.49 1845.37 1560.13 1338.83 1458.9 1591.26 1588 1233.75 1049.22 1248.49 1397.63 1280.49 1522.62 1747.19 1875.24 1972.79 1909.29 1851.64 1862.54 1867.85 1705.25 1328.82 1312.18 1534.25 1701.19 1582.77 1569.7 1574.1
1433.96 1363.46 1260.53 1444.5 1595.55 1479.83 1277.03 1133.65 1199.63 1444.38 1526.3 1650.95 1354.18 1375.67 1413.99 1616.64 1190.2 1100.42 1354.95 1801.57 1825.67 1802.26 1611.41 1567.84 1518.3 1390.15 1510.32 1627.03 1685.38 1426.06 1247.32 1206.69 1645.43 1338.24 1451.64 1779.11 1915.74 1884.99 1795.98 1861.45 1858.61 1791.85 1758.8 1426.99 1193.64 1628.49 1544.54 1234.85 1753.92 1781.98
1636.7 1551.4 1158.29 1392.74 1781.79 1767.09 1444.91 972.539 1109.46 1343.78 1251.27 1187.07 1655.53 1206.39 1210.78 1490.85 1098.27 1018.33 1213.82 1499.27 1729.21 1568.94 1331.43 1423.07 1496.07 1509.96 1520.68 1545.75 1592.01 1719.13 1639.72 1456.68 1342.7 1057.83 1332.37 1641.73 1779.98 1825.68 1451.66 1760.01 1750.74 1716.37 1711.69 1447.9 1360.5 1590.99 1260.45 1289.3 1861.05 1903.9
1853.57 1981 1748.32 1744.84 1710.78 1674.52 1618.4 1315.91 1207.69 1360.17 1335.68 1412.48 1476.06 1240.27 1402.4 1652.1 1414.36 1299.91 1403.59 1594.34 1590.31 1426.37 1343.28 1432.74 1601.42 1665.97 1484.19 1412.6 1470.73 1625.91 1678.12 1619.9 1435.83 1353.26 1422.71 1505.03 1640.15 1512.42 1238.03 1379.58 1518.96 1614.88 1643.39 1361.94 1182.01 1211.2 1102.86 1211.11 1600.11 1868.58
1922.64 1929.84 1778.56 1678.03 1493.91 1412.73 1563.25 1575 1347.05 1304.42 1348.71 1393.09 1296.22 1398.55 1489.89 1481.62 1378.34 1412.55 1519.24 1654.79 1587.19 1370.91 1322.57 1412.1 1578.28 1636.11 1368.07 1031.63 1368.9 1448.25 1457.13 1562.86 1808.45 1613.4 1603.44 1554.24 1678.93 1473.76 1229.5 1153.29 1220.01 1383.57 1412.58 1270.44 1174.75 1145.89 1045.27 1012.71 1505.67 1936.72
1864.34 1847.73 1687.69 1529.58 1328.95 1329.81 1476.18 1723.77 1292.74 1235.12 1477.26 1376.58 1417.3 1592.39 1477.85 1183.65 1225.03 1522.13 1658.32 1749.88 1660.65 1277.72 1158.3 1295.25 1368.34 1342.21 1305 1364.31 1707.76 1527.5 1386.36 1281.37 1408.32 1436.01 1572.92 1591.17 1622.38 1444.27 1221.55 1160.43 1231.87 1303.63 1319.53 1596.05 1682.08 1392.75 1134.23 1079.62 1496.35 1959.14
1753.36 1784.74 1698.29 1488.82 1269.42 1247.86 1235.18 1029.66 1155.58 1311.47 1308.3 1275.35 1076.1 1428.35 1246.63 1185.16 1293.78 1791.08 1771.98 1811.85 1855.62 1396.42 1161.21 1329.96 1362.29 1377.87 1547.11 1440.78 1338.36 1455.23 1390.16 1494.15 1363.63 1187.05 1371.72 1550.14 1686.77 1479.47 1185.08 1139.66 1232.93 1307.14 1323.05 1689.03 1647.89 1517.78 1278.07 1134.6 1142.9 1475.56
1552.34 1542.22 1529.05 1454.02 1409.38 1388.66 1357.86 1343.54 1664.13 1517.8 1383.24 1368.65 1386.29 1283.06 1196.28 1220.77 1170.64 1315.32 1576.35 1747.59 1840.21 1622.89 1359.11 1466.2 1421.24 1513.7 1651.45 1517.4 1317.79 1265.12 1328.35 1388.51 1320.26 1228.16 1240.99 1284.75 1397.16 1518.73 1550.52 1288.37 1160.71 1413.04 1566.67 1641.41 1470.18 1522.72 1425.41 1240.08 1248.28 1392.75
1580.51 1493.49 1280.73 1512.39 1643.77 1633.54 1626.44 1647.81 1694.2 1601.95 1473.77 1404.18 1437.38 1367.77 1364.43 1326.92 1265.13 1311.66 1552.15 1694.32 1577.43 1360.03 1654.2 1811.39 1544.86 1663.78 1710.86 1833.62 1595.65 1433.09 1267.03 1250.95 1410.17 1185.8 1199.52 1298.96 1394 1633.12 1725.96 1486.52 1509.04 1695.03 1757.51 1764.02 1671.79 1612.6 1487.57 1320.97 1337.67 1415.82
1670.5 1614.59 1272.68 1449.7 1658.82 1747.46 1795.07 1737.44 1665.23 1655.4 1519.65 1315.09 1307.01 1479.82 1501.16 1478.43 1428.9 1428.48 1509.07 1542.38 1416.06 1349.52 1640.08 1966.9 1865.72 1738.2 1643.42 1745.3 1724.32 1581.75 1448.36 1244.25 1023.3 1222.56 1317.35 1457.74 1557.17 1458.98 1436.76 1279.03 1379.11 1402.23 1283.99 1404.89 1654.36 1566.31 1458.04 1450.87 1430.75 1428.04
1711.68 1382.23 1182.26 1378.29 1592.31 1781.48 1838.04 1656.95 1664.99 1649.08 1537.61 1315.91 1369.31 1547.65 1531.78 1431.62 1318.08 1353.78 1381.36 1467.85 1670.4 1416.79 1313.9 1336.57 1142.32 1306.31 1548.49 1599.15 1767.75 1793.15 1651.69 1264.03 1213.13 1427.39 1514.12 1471.87 1366.33 1523.36 1431.88 1445.09 1444.18 1326.16 1353.09 1492.21 1736.81 1608.47 1443.6 1716.39 1579.9 1535.81
1867.09 1785.97 1343.38 1300.57 1648.4 1642.21 1425.32 1286.78 1748.55 1467.18 1263.75 1311.12 1461.9 1521.66 1420.33 1403.02 1309.11 1213.27 1365.87 1515.4 1933.21 1357.95 1058.4 1195.72 1095.71 1238.28 1061.19 1473.28 1787.71 1835.82 1526.08 1296.7 1262.55 1629.34 1783.48 1492.78 1544.31 1692.65 1506.47 1739.64 1749.9 1495.83 1605.1 1463.41 1523.23 1631.94 1647.07 1424.05 1563.27 1568.22
1804.91 1617.12 1305.21 1283.01 1439.29 1506.16 1535.49 1304.87 1465.1 1220.93 1177.35 1305.98 1372.3 1479.56 1374.4 1366.42 1266.8 1382.74 1706.19 1570.69 1630.29 1424.96 1300.14 1273.67 1284.2 1617.08 1467.43 1340.02 1808.5 1735.15 1408.05 1166.9 1085.32 1326.47 1418.24 1310.12 1464.11 1466.13 1474.55 1651.41 1276.75 1421.24 1455.48 1014.68 1300.55 1503.85 1466.82 1498.91 1597.44 1613.52
1587.09 1470.19 1340.49 1454.1 1566.77 1539.45 1393.12 1277.1 1270.84 1216.09 1221.97 1309.79 1234.19 1356.42 1465.38 1309 1201.37 1409.06 1562.5 1437.81 1510.4 1686.83 1542.82 1227.71 1377.22 1496.14 1470.93 1597.34 1652.4 1645.1 1483.09 1050.87 1016.4 1127.6 1182.43 1264.72 1445.15 1426.47 1615.84 1765.08 1537.43 1467.42 1378.33 1302.38 1456.1 1385.77 1383.47 1650.01 1578.72 1584.67
1494.73 1403.75 1464.6 1540.88 1594.1 1541.62 1400.23 1300.12 1208.67 1160.34 1163.19 1227.33 1143.87 1397.92 1547.67 1310.53 1409.93 1694.75 1468.61 1434.41 1582.23 1781.45 1364.72 1253.33 1495.74 1480.91 1588.42 1642.01 1542.89 1366.18 1369.22 1116.35 1029.35 1272.24 1288.25 1419.7 1823.28 1398.25 1743.75 1813 1602.81 1542.39 1326.95 1327.35 1434.36 1172.69 1266.65 1428.81 1401.79 1486.85
1443.24 1265.38 1179.53 1072.46 1419.57 1429.76 1410.7 1270.19 1258.62 1358.39 1378.01 1320.47 1367.38 1345.05 1430.56 1446.94 1593.25 1701.06 1426.07 1708.02 1863.89 1634.87 1264.48 1195.49 1199.74 1211.26 1483 1746.55 1749.91 1618.66 1539.95 1345 1056.65 1510.96 1464.21 1484.03 1489.42 1487.81 1828.02 1617.76 1400.8 1596.24 1573.48 1594.15 1573.77 1302.8 1172.69 1275.84 1358.17 1447.56
1579.67 1421.98 1246.37 1210.82 1332.26 1319.77 1376.65 1277.15 1149.14 1412.88 1483.39 1622.78 1591.8 1452.22 1355.2 1332.22 1531 1649.57 1731.57 1840.67 1858.41 1625.74 1339.26 1313.39 1185.01 1093.69 1402.25 1724.12 1732.11 1435.42 1540.36 1607.37 1472.67 1788.47 1693.35 1602.53 1572.14 1563.33 1762.36 1621.95 1415.25 1809.19 1883.77 1902.06 1852.97 1594.77 1335.33 1301.28 1201.05 1311.19
1756.72 1637.99 1396.04 1339.42 1383.7 1370.51 1493.03 1421.07 1316.01 1759.78 1220.42 1441.47 1511.8 1355.26 1279.49 1252.99 1487.41 1724.47 1821.25 1815.08 1721.18 1275.79 1569.62 1436.25 1397.19 1563.56 1575.44 1508.5 1432.6 1047.2 1281.25 1476.39 1514.82 1637.89 1616.88 1695.93 1785.95 1650.91 1688.35 1703.27 1643.99 1705.35 1841.38 1942.52 1941.73 1777.27 1689.22 1413.26 1189.26 1213.04
1766.43 1682.88 1413.23 1310.5 1357.77 1393.5 1497.38 1659.8 1327.37 1356.98 1625.61 1644.25 1285.49 1502.98 1148.37 1439.85 1549.93 1595.51 1718.25 1752.04 1744.06 1791.73 1609.52 1345.97 1499.77 1472.89 1235.06 1399.3 1420.37 1385.15 1285.71 1171.14 1297.45 1521.69 1522.61 1573.54 1707.11 1747.88 1782.46 1860.17 1891.17 1789.64 1816.69 1842.85 1790.26 1676.85 1476.65 1221.82 1145.68 1129.06
1691.04 1658.02 1485.95 1402.72 1512.59 1362.37 1249.17 1294.76 1438.16 1364.65 1182.92 1634.06 1754.59 1711.1 1583.86 1697.44 1661.01 1456.13 1341.09 1459.76 1235.74 1295.65 1724.85 1627.19 1470.53 1398.34 1185.77 1110.84 1289.25 1526.65 1305.16 1174.73 1332.27 1415 1453.92 1519.19 1612.42 1862.15 1888.02 1895.48 2008.44 1924.29 1785.46 1663.38 1556.74 1562.51 1519.95 1228.71 1124.09 1088.55
1548.48 1597.47 1509.24 1497.22 1466.96 1374.9 1242.42 1213.62 1826.58 1615.87 1745.52 1265.53 1584.5 1560.35 1442.97 1680.44 1808.64 1633.53 1187.24 1045.86 1038.01 1317.03 1630.73 1523.51 1443.78 1330.26 1153.6 1196.49 1276.29 1344.14 1301.43 1267.07 1664.35 1348.68 1314.88 1545.62 1483.84 1807.99 1882.71 1896.67 2050.65 1955.97 1680.37 1445.27 1336.15 1381.43 1502.29 1307.37 1062.75 1100.72
1405.69 1440.97 1200.8 1361.25 1358.96 1378.17 1379.25 1334.82 1481.83 1519.4 1420.15 1325.48 1431.68 1734.85 1644.44 1663.53 1609.91 1210.72 973.87 992.926 1124.52 1491.44 1692.79 1710.49 1771.87 1411.14 1094.2 1289.53 1490.68 1581.75 1191.61 1183.28 1480.11 1277.19 1494.06 1753.31 1143.07 1343.5 1603.2 1815.09 1950.18 1920.05 1658.73 1312.47 1133.49 1321.39 1564.51 1550.77 1208.38 1238.23
1320.21 1204.65 1592.2 1441.77 1499.65 1511.45 1503.55 1587.04 1397.15 1210.5 1160.86 1160.32 1190.17 1408.42 1407.48 1467.79 1626.03 1033.27 928.665 1018.9 1204.09 1528.35 1722.97 1774.11 1769.69 1446.35 1332.4 1569.11 1663.43 1826.56 1524.15 1279.58 1301.1 1172.4 1287 1558.78 1230.55 1208.65 1324 1528.98 1719.6 1707.01 1617.3 1311.35 1213.82 1461.11 1637.71 1715.94 1657.27 1414.54
1277.14 1216.67 1226.9 1294.82 1643.33 1621.86 1766.03 1759.3 1584.63 1310.48 1202.1 1148.82 1182.18 1080.9 1056.57 1209.89 1436.64 1335.63 1241.87 1290.88 1411.7 1608.84 1661.94 1614.79 1550.81 1483.12 1619.37 1700.82 1715.17 1848.34 1769.38 1350.39 1428.06 1380.64 1658.9 1704.89 1531.05 1375.81 1422.12 1544.21 1618.95 1350.15 1359.26 1361.27 1375.98 1559.69 1555.63 1306.35 1366.15 1362.85
1259.55 1155.62 1048.77 1033.38 1025.34 1449.42 1703.74 1609.49 1512.04 1401.02 1237.07 1295.71 1398.82 1455.27 1283.64 1339.31 1262.23 1389.26 1486.64 1533.88 1594.16 1608.17 1521.8 1460.14 1422.38 1451.56 1568.42 1640.05 1717.62 1732.49 1428.74 1184.87 1364.47 1555.44 1860.15 1774.34 1365.2 1450.81 1425.1 1480.6 1543.3 1271.14 1364.71 1571.88 1525.42 1668.93 1535.96 1253.48 1290.01 1349.46
1265.05 1138.51 1007.81 1068.22 1075.79 1255.77 1492.02 1304.16 1393.73 1387.08 1424.83 1553.89 1652.49 1564.5 1431.71 1633.1 1105.61 1389.33 1649.63 1608.11 1439.8 1462.73 1368.93 1292.18 1295.87 1259.19 1287.67 1468.34 1628.02 1604.75 1257.98 1135.33 1324.38 1603.26 1831.38 1808.27 1545.69 1452.77 1271.52 1127.39 1376.69 1411.54 1618.34 1837.2 1685.47 1723.18 1607.1 1412.17 1465.73 1497.35
1277.85 1142.2 959.47 1067.27 1067.78 1080.08 1283.34 1264.13 1612 1469.05 1703.85 1704.53 1807.24 1633.98 1190.48 1410.83 1351.42 1664.24 1811.4 1560.11 1363.91 1322.39 1348.33 1189.8 1339.18 1224.66 1017.23 1284.61 1441.83 1371.55 1268.71 1431.63 1367.28 1598.26 1841.1 1905.72 1629.87 1529.09 1334.44 1315.01 1770.12 1594.01 1653.66 1659.51 1637.29 1720.66 1611.99 1473.35 1720.54 1612.09
1310.95 1343.8 1386.07 1326.92 1206.72 1133.63 1083.39 1054.93 1374.7 1467.62 1593.82 1472.2 1649.86 1709.84 1486.78 1449.63 1549.94 1659.26 1616.38 1321.95 1229.62 1266.17 1311.46 1458.32 1701.51 1457.11 1114.27 1291.44 1447.59 1495.44 1530.41 1658.48 1742.05 1504.77 1758.74 1912.89 1492.66 1525.7 1389.18 1216.71 1074.82 1376.78 1407.06 1324.12 1416.02 1494.62 1503.9 1724.95 1802.39 1665.79
1279.93 1317.01 1651.28 1557 1427.41 1389.33 1412.54 1383.46 1500.49 1479.79 1426.43 1506.45 1534.02 1606.46 1563.25 1558.22 1639.89 1622.86 1382.07 1109.03 1107.33 1226.3 1576.18 1601.02 1639.62 1409.39 1219.6 1444.26 1720.67 1869.02 1866.28 1751.35 1609.84 1524.01 1596.01 1530.39 1340.87 1543.26 1442.9 1239.79 1205.67 1296.83 1338.4 1205.29 1255.4 1371.61 1216.05 1649.87 1673.41 1502.06
1289.44 1295.26 1463.78 1540.19 1499.71 1511.02 1625.3 1676.44 1775.21 1664.29 1424.3 1812.57 1401.12 1593.55 1619.8 1632.71 1714.94 1787.9 1731.88 1381.96 1112.91 1015.71 1315.38 1479.12 1426.7 1247.26 1269.55 1604.97 2004.25 2112.87 2064.13 1886.84 1607.78 1343.83 1311.89 1506.85 1591.97 1767.05 1611.7 1604.2 1311.03 1355.69 1585.07 1449.13 1377.3 1647.85 1680.28 1619.79 1389.12 1222.85
1341.43 1371.17 1439.88 1521.69 1535.19 1539.04 1640.99 1745.92 1885.18 1756.69 1438.73 1420.89 1262.23 1553.65 1697.08 1691.32 1773.37 1817.63 1716.99 1481.52 1245.1 1169.43 1290.99 1381.79 1359.17 1324.29 1390.74 1641.42 1896.08 2062.35 2031.05 1879.51 1600.06 1208.84 1168.57 1342.47 1615.96 1747.35 1676.08 1637.35 1368.55 1388.61 1642.21 1695.23 1681.71 1730.4 1689.21 1509.99 1251.25 1133.36
